-0.042092 11.852502 0.388103
-0.031529 11.837580 0.390687
-0.021011 11.832756 0.391522
-0.010504 11.831402 0.391756
0.000000 11.832756 0.391522
0.010509 11.836988 0.390789
0.021031 11.844188 0.389543
0.031589 11.859976 0.386809
-0.063120 11.847346 0.378320
-0.052527 11.830744 0.381209
-0.041985 11.820433 0.383004
-0.031470 11.813512 0.384208
-0.020973 11.809803 0.384854
-0.010485 11.808033 0.385162
0.000000 11.808875 0.385015
0.010488 11.811404 0.384575
0.020984 11.815875 0.383797
0.031494 11.822629 0.382622
0.042029 11.832943 0.380827
0.052640 11.856260 0.376769
-0.073585 11.836433 0.369550
-0.062988 11.820618 0.372317
-0.052444 11.810154 0.374147
-0.041927 11.802319 0.375517
-0.031431 11.796932 0.376460
-0.020948 11.793400 0.377077
-0.010473 11.792392 0.377254
0.000000 11.792560 0.377224
0.010475 11.794157 0.376945
0.020955 11.797605 0.376342
0.031447 11.802824 0.375429
0.041955 11.810070 0.374162
0.052491 11.820702 0.372302
0.063101 11.841855 0.368602
-0.084079 11.831964 0.359663
-0.073463 11.814893 0.362665
-0.062906 11.803258 0.364710
-0.052385 11.794926 0.366175
-0.041885 11.788537 0.367299
-0.031402 11.784170 0.368066
-0.020931 11.782156 0.368421
-0.010465 11.781149 0.368598
0.000000 11.781233 0.368583
0.010466 11.782491 0.368362
0.020936 11.784758 0.367963
0.031416 11.789293 0.367166
0.041911 11.795935 0.365998
0.052429 11.804859 0.364429
0.062978 11.816749 0.362338
0.073618 11.839840 0.358278
-0.094628 11.834946 0.348464
-0.083958 11.813051 0.352333
-0.073383 11.800155 0.354612
-0.062848 11.790481 0.356322
-0.052341 11.783089 0.357628
-0.041855 11.778054 0.358518
-0.031381 11.774365 0.359170
-0.020917 11.772521 0.359496
-0.010458 11.771683 0.359644
0.000000 11.771767 0.359629
0.010459 11.772856 0.359437
0.020922 11.775119 0.359037
0.031394 11.779145 0.358325
0.041880 11.785188 0.357257
0.052385 11.793087 0.355861
0.062916 11.803271 0.354062
0.073488 11.817018 0.351632
0.084206 11.848002 0.346157
-0.094499 11.816865 0.340997
-0.083878 11.799916 0.344008
-0.073324 11.788727 0.345995
-0.062806 11.780581 0.347442
-0.052309 11.774122 0.348590
-0.041830 11.769177 0.349468
-0.031365 11.766246 0.349989
-0.020906 11.764405 0.350316
-0.010452 11.763568 0.350464
0.000000 11.763819 0.350420
0.010454 11.764823 0.350241
0.020911 11.766832 0.349884
0.031376 11.770685 0.349200
0.041856 11.776386 0.348187
0.052351 11.783603 0.346906
0.062871 11.792763 0.345278
0.073423 11.804717 0.343155
0.084029 11.821089 0.340247
-0.105131 11.829902 0.328004
-0.094424 11.805658 0.332332
-0.083830 11.791176 0.334918
-0.073288 11.781010 0.336733
-0.062778 11.773543 0.338066
-0.052289 11.767593 0.339128
-0.041814 11.762905 0.339965
-0.031353 11.759976 0.340488
-0.020898 11.757635 0.340906
-0.010448 11.756882 0.341040
0.000000 11.756882 0.341040
0.010449 11.757969 0.340846
0.020902 11.759893 0.340503
0.031363 11.763574 0.339846
0.041836 11.768850 0.338904
0.052325 11.775723 0.337677
0.062836 11.784285 0.336148
0.073376 11.795130 0.334212
0.083961 11.809621 0.331625
0.094704 11.840662 0.326083
-0.105041 11.817825 0.319490
-0.094373 11.797331 0.323168
-0.083793 11.784127 0.325537
-0.073263 11.775145 0.327149
-0.062759 11.768020 0.328427
-0.052274 11.762326 0.329449
-0.041803 11.757808 0.330259
-0.031343 11.754296 0.330890
-0.020891 11.752124 0.331279
-0.010445 11.751121 0.331459
0.000000 11.751455 0.331399
0.010446 11.752625 0.331189
0.020896 11.754798 0.330800
0.031353 11.757891 0.330244
0.041821 11.762912 0.329344
0.052305 11.769360 0.328187
0.062809 11.777410 0.326742
0.073341 11.787656 0.324904
0.083912 11.800868 0.322533
0.094589 11.824335 0.318322
-0.104986 11.809650 0.310291
-0.094339 11.791115 0.313634
-0.083772 11.779266 0.315771
-0.073247 11.770625 0.317329
-0.062747 11.763755 0.318568
-0.052264 11.758148 0.319579
-0.041795 11.753549 0.320408
-0.031337 11.750207 0.321011
-0.020888 11.748119 0.321388
-0.010443 11.747284 0.321538
0.000000 11.747618 0.321478
0.010445 11.748870 0.321252
0.020893 11.751042 0.320860
0.031347 11.753967 0.320333
0.041811 11.758148 0.319579
0.052291 11.764174 0.318492
0.062790 11.771967 0.317087
0.073316 11.781617 0.315347
0.083879 11.794228 0.313072
0.094534 11.815476 0.309241
-0.115774 11.837327 0.294606
-0.104955 11.804266 0.300598
-0.094317 11.786501 0.303817
-0.083760 11.775582 0.305796
-0.073236 11.766945 0.307362
-0.062739 11.760414 0.308545
-0.052258 11.754809 0.309561
-0.041790 11.750295 0.310379
-0.031334 11.746954 0.310985
-0.020885 11.744783 0.311378
-0.010442 11.744449 0.311439
0.000000 11.744783 0.311378
0.010444 11.746035 0.311151
0.020891 11.748123 0.310773
0.031345 11.751131 0.310228
0.041807 11.755143 0.309501
0.052284 11.760748 0.308485
0.062780 11.768035 0.307164
0.073301 11.777428 0.305462
0.083861 11.789780 0.303223
0.094505 11.810002 0.299558
-0.115760 11.833955 0.284522
-0.104942 11.800907 0.290541
-0.094311 11.783821 0.293653
-0.083755 11.772990 0.295626
-0.073233 11.764439 0.297184
-0.062735 11.757742 0.298404
-0.052255 11.752306 0.299394
-0.041789 11.747960 0.300185
-0.031333 11.744703 0.300778
-0.020885 11.742784 0.301128
-0.010442 11.742366 0.301204
0.000000 11.742617 0.301159
0.010444 11.744119 0.300885
0.020891 11.746123 0.300520
0.031344 11.748963 0.300003
0.041807 11.753058 0.299257
0.052282 11.758327 0.298297
0.062778 11.765863 0.296924
0.073302 11.775591 0.295153
0.083862 11.788025 0.292888
0.094495 11.806725 0.289482
-0.104961 11.801088 0.279840
-0.094328 11.783999 0.282968
-0.083761 11.771907 0.285181
-0.073237 11.763190 0.286777
-0.062738 11.756325 0.288033
-0.052257 11.750889 0.289028
-0.041790 11.746377 0.289854
-0.031333 11.743037 0.290466
-0.020886 11.741535 0.290741
-0.010443 11.741118 0.290817
0.000000 11.741535 0.290741
0.010444 11.742870 0.290496
0.020892 11.745041 0.290099
0.031346 11.747881 0.289579
0.041809 11.751892 0.288845
0.052285 11.757162 0.287880
0.062784 11.765033 0.286440
0.073309 11.774844 0.284644
0.083874 11.787699 0.282291
0.094505 11.806149 0.278913
-0.105004 11.804053 0.268622
-0.094358 11.785775 0.271984
-0.083780 11.772671 0.274395
-0.073246 11.762777 0.276215
-0.062745 11.755829 0.277493
-0.052263 11.750309 0.278508
-0.041795 11.746047 0.279292
-0.031338 11.742957 0.279861
-0.020889 11.741204 0.280183
-0.010444 11.740787 0.280260
0.000000 11.741121 0.280199
0.010446 11.742373 0.279968
0.020895 11.744627 0.279554
0.031351 11.747635 0.279000
0.041816 11.751730 0.278247
0.052295 11.757502 0.277185
0.062798 11.765626 0.275691
0.073326 11.775608 0.273855
0.083896 11.788972 0.271396
0.094534 11.807850 0.267924
-0.105075 11.810060 0.256833
-0.094404 11.789572 0.260621
-0.083812 11.775197 0.263278
-0.073269 11.764460 0.265263
-0.062762 11.757006 0.266641
-0.052277 11.751568 0.267646
-0.041807 11.747472 0.268403
-0.031347 11.744297 0.268990
-0.020894 11.742209 0.269376
-0.010446 11.741291 0.269546
0.000000 11.741625 0.269484
0.010448 11.743044 0.269222
0.020899 11.745049 0.268851
0.031358 11.748307 0.268249
0.041825 11.752320 0.267507
0.052310 11.758848 0.266300
0.062817 11.767310 0.264736
0.073352 11.777885 0.262781
0.083930 11.791761 0.260216
0.094612 11.815552 0.255818
-0.105189 11.820982 0.244117
-0.094466 11.795394 0.248870
-0.083858 11.779742 0.251778
-0.073302 11.767988 0.253961
-0.062788 11.759942 0.255456
-0.052298 11.754333 0.256498
-0.041823 11.749900 0.257322
-0.031359 11.746807 0.257896
-0.020902 11.744551 0.258315
-0.010450 11.743215 0.258563
0.000000 11.743131 0.258579
0.010451 11.744468 0.258331
0.020906 11.747141 0.257834
0.031368 11.750151 0.257275
0.041841 11.754919 0.256389
0.052329 11.761366 0.255192
0.062843 11.770253 0.253541
0.073388 11.781760 0.251403
0.083987 11.797839 0.248416
-0.094557 11.804937 0.236412
-0.083918 11.786312 0.239888
-0.073348 11.773451 0.242289
-0.062821 11.764306 0.243996
-0.052325 11.758357 0.245107
-0.041843 11.753669 0.245982
-0.031373 11.750239 0.246622
-0.020911 11.747898 0.247059
-0.010454 11.746477 0.247324
0.000000 11.746310 0.247355
0.010456 11.747898 0.247059
0.020916 11.750741 0.246528
0.031384 11.754506 0.245825
0.041864 11.759697 0.244856
0.052360 11.766319 0.243620
0.062882 11.775719 0.241866
0.073439 11.787995 0.239574
0.084101 11.811948 0.235103
-0.094734 11.825079 0.221944
-0.084004 11.796346 0.227334
-0.073408 11.781106 0.230192
-0.062867 11.770941 0.232099
-0.052357 11.763726 0.233452
-0.041868 11.758782 0.234379
-0.031391 11.755013 0.235086
-0.020923 11.752586 0.235542
-0.010460 11.751080 0.235824
0.000000 11.751498 0.235746
0.010462 11.753339 0.235400
0.020930 11.756353 0.234835
0.031406 11.760457 0.234065
0.041894 11.766158 0.232996
0.052400 11.773460 0.231626
0.062932 11.783125 0.229813
0.073534 11.801322 0.226400
-0.084144 11.814176 0.213288
-0.073496 11.793323 0.217218
-0.062926 11.780107 0.219709
-0.052400 11.771536 0.221324
-0.041899 11.765578 0.222447
-0.031414 11.761553 0.223206
-0.020937 11.758788 0.223727
-0.010468 11.757615 0.223948
0.000000 11.758453 0.223790
0.010470 11.760547 0.223395
0.020947 11.763901 0.222763
0.031432 11.768515 0.221894
0.041932 11.774812 0.220707
0.052453 11.783303 0.219106
0.063018 11.797370 0.216455
-0.073665 11.818422 0.201779
-0.063026 11.796876 0.205859
-0.052470 11.785333 0.208045
-0.041948 11.777510 0.209527
-0.031446 11.771880 0.210593
-0.020958 11.768186 0.211292
-0.010478 11.766760 0.211563
0.000000 11.767599 0.211404
0.010480 11.769949 0.210959
0.020967 11.773728 0.210243
0.031466 11.779360 0.209176
0.041982 11.786933 0.207742
0.052529 11.798479 0.205555
-0.052586 11.809301 0.192802
-0.042022 11.796129 0.195308
-0.031495 11.788291 0.196800
-0.020988 11.783239 0.197761
-0.010492 11.780715 0.198242
0.000000 11.780294 0.198322
0.010494 11.783239 0.197761
0.020996 11.787954 0.196864
0.031516 11.795961 0.195340
0.042076 11.811500 0.192383
-0.031596 11.824045 0.179275
-0.021041 11.810922 0.181784
-0.010516 11.805597 0.182803
0.000000 11.804921 0.182932
0.010522 11.812445 0.181493
