-0.031548 11.846457 0.399821
-0.021028 11.844507 0.400157
-0.010515 11.845609 0.399967
0.000000 11.851122 0.399018
0.010533 11.865395 0.396560
-0.063089 11.843426 0.389675
-0.052515 11.830049 0.391990
-0.041983 11.821852 0.393409
-0.031474 11.816787 0.394286
-0.020980 11.815522 0.394505
-0.010491 11.816281 0.394374
0.000000 11.818728 0.393950
0.010497 11.823710 0.393088
0.021008 11.831402 0.391756
0.031546 11.843849 0.389601
-0.084209 11.854221 0.377124
-0.073532 11.829898 0.381357
-0.062963 11.817816 0.383459
-0.052431 11.809128 0.384971
-0.041923 11.802979 0.386041
-0.031431 11.798771 0.386773
-0.020953 11.798098 0.386890
-0.010476 11.797593 0.386978
0.000000 11.799612 0.386627
0.010481 11.803147 0.386012
0.020971 11.808623 0.385059
0.031477 11.816212 0.383738
0.042010 11.827615 0.381754
0.052660 11.860764 0.375985
-0.094694 11.847028 0.367697
-0.084004 11.823405 0.371829
-0.073423 11.810407 0.374103
-0.062883 11.800803 0.375783
-0.052372 11.793905 0.376989
-0.041879 11.788694 0.377901
-0.031402 11.786091 0.378356
-0.020933 11.785083 0.378532
-0.010466 11.785083 0.378532
0.000000 11.786259 0.378327
0.010470 11.788526 0.377930
0.020947 11.792896 0.377166
0.031438 11.799709 0.375974
0.041950 11.808721 0.374398
0.052498 11.822392 0.372006
0.063156 11.852120 0.366806
-0.094503 11.821310 0.361536
-0.083897 11.806375 0.364162
-0.073344 11.795851 0.366013
-0.062824 11.787865 0.367417
-0.052326 11.781736 0.368494
-0.041848 11.778045 0.369143
-0.031380 11.776032 0.369497
-0.020919 11.775027 0.369674
-0.010459 11.775027 0.369674
0.000000 11.775949 0.369512
0.010462 11.778213 0.369114
0.020931 11.782072 0.368435
0.031413 11.788117 0.367372
0.041912 11.796103 0.365968
0.052435 11.806291 0.364177
0.062998 11.820549 0.361670
-0.105052 11.824791 0.350258
-0.094396 11.805968 0.353585
-0.083820 11.793676 0.355757
-0.073286 11.784600 0.357361
-0.062782 11.778138 0.358503
-0.052296 11.773023 0.359407
-0.041824 11.769421 0.360044
-0.031363 11.767411 0.360399
-0.020907 11.766574 0.360547
-0.010453 11.766574 0.360547
0.000000 11.767411 0.360399
0.010456 11.769421 0.360044
0.020919 11.773107 0.359392
0.031393 11.778725 0.358400
0.041883 11.785944 0.357124
0.052395 11.795274 0.355475
0.062937 11.807063 0.353391
0.073535 11.824622 0.350288
-0.115734 11.840981 0.336714
-0.104951 11.811547 0.341942
-0.094323 11.794866 0.344905
-0.083768 11.784358 0.346771
-0.073248 11.776553 0.348158
-0.062752 11.770518 0.349230
-0.052271 11.765576 0.350107
-0.041805 11.762062 0.350732
-0.031349 11.760221 0.351059
-0.020897 11.759218 0.351237
-0.010449 11.759301 0.351222
0.000000 11.760138 0.351074
0.010451 11.762062 0.350732
0.020908 11.765493 0.350122
0.031377 11.770853 0.349170
0.041860 11.777560 0.347979
0.052363 11.786122 0.346458
0.062893 11.796969 0.344531
0.073465 11.811463 0.341957
0.084183 11.842762 0.336397
-0.115595 11.824825 0.328911
-0.104884 11.802034 0.332979
-0.094277 11.787225 0.335623
-0.083736 11.777988 0.337272
-0.073223 11.770609 0.338590
-0.062731 11.764746 0.339636
-0.052255 11.759976 0.340488
-0.041791 11.756381 0.341130
-0.031337 11.753957 0.341563
-0.020890 11.753121 0.341712
-0.010445 11.753121 0.341712
0.000000 11.754709 0.341428
0.010448 11.756130 0.341175
0.020901 11.759475 0.340578
0.031365 11.764328 0.339711
0.041842 11.770609 0.338590
0.052338 11.778744 0.337137
0.062860 11.788906 0.335323
0.073419 11.802034 0.332979
0.084070 11.824994 0.328880
-0.115520 11.815207 0.319960
-0.104837 11.794889 0.323606
-0.094251 11.782027 0.325914
-0.083715 11.773048 0.327525
-0.073206 11.765926 0.328803
-0.062717 11.760066 0.329854
-0.052243 11.755383 0.330695
-0.041782 11.751873 0.331324
-0.031330 11.749284 0.331789
-0.020885 11.748449 0.331939
-0.010443 11.748783 0.331879
0.000000 11.749952 0.331669
0.010446 11.751957 0.331309
0.020897 11.754965 0.330770
0.031357 11.759397 0.329974
0.041829 11.765172 0.328938
0.052321 11.772881 0.327555
0.062837 11.782615 0.325808
0.073386 11.794805 0.323621
0.084014 11.815122 0.319975
-0.115473 11.808469 0.310504
-0.104808 11.789685 0.313892
-0.094232 11.777755 0.316043
-0.083700 11.769033 0.317616
-0.073195 11.762249 0.318840
-0.062708 11.756476 0.319881
-0.052236 11.751794 0.320725
-0.041776 11.748286 0.321357
-0.031327 11.746532 0.321674
-0.020883 11.745364 0.321884
-0.010442 11.745614 0.321839
0.000000 11.746783 0.321629
0.010444 11.748787 0.321267
0.020894 11.751711 0.320740
0.031352 11.755639 0.320031
0.041821 11.760826 0.319096
0.052309 11.768195 0.317767
0.062820 11.777503 0.316089
0.073367 11.789937 0.313846
0.083981 11.808638 0.310474
-0.115450 11.804266 0.300598
-0.104793 11.785996 0.303909
-0.094224 11.774827 0.305933
-0.083693 11.766191 0.307498
-0.073189 11.759326 0.308743
-0.062703 11.753638 0.309773
-0.052232 11.749125 0.310591
-0.041773 11.745618 0.311227
-0.031324 11.743448 0.311620
-0.020882 11.743031 0.311696
-0.010441 11.743364 0.311635
0.000000 11.744533 0.311424
0.010444 11.746536 0.311061
0.020894 11.749460 0.310531
0.031350 11.753220 0.309849
0.041818 11.758238 0.308940
0.052305 11.765437 0.307635
0.062816 11.774911 0.305918
0.073361 11.787005 0.303726
0.083968 11.804772 0.300506
-0.115457 11.803014 0.290158
-0.104804 11.785334 0.293378
-0.094225 11.772990 0.295626
-0.083694 11.764439 0.297184
-0.073189 11.757491 0.298449
-0.062703 11.751804 0.299485
-0.052233 11.747292 0.300307
-0.041774 11.743869 0.300931
-0.031325 11.741949 0.301280
-0.020883 11.741448 0.301371
-0.010442 11.741699 0.301326
0.000000 11.743034 0.301083
0.010445 11.745037 0.300718
0.020894 11.747877 0.300200
0.031352 11.751804 0.299485
0.041821 11.757156 0.298510
0.052309 11.764355 0.297199
0.062821 11.773912 0.295458
0.073367 11.786091 0.293240
0.083971 11.803267 0.290111
-0.115498 11.805305 0.279068
-0.104832 11.786606 0.282491
-0.094242 11.773250 0.284935
-0.083702 11.763608 0.286700
-0.073195 11.756492 0.288003
-0.062709 11.750973 0.289013
-0.052237 11.746377 0.289854
-0.041778 11.743121 0.290450
-0.031329 11.741368 0.290771
-0.020885 11.740867 0.290863
-0.010443 11.741118 0.290817
0.000000 11.742286 0.290603
0.010446 11.744290 0.290237
0.020897 11.747296 0.289686
0.031355 11.751224 0.288967
0.041826 11.756492 0.288003
0.052317 11.764279 0.286578
0.062833 11.774173 0.284767
0.073383 11.786606 0.282491
0.083994 11.804630 0.279191
-0.115564 11.810130 0.267504
-0.104876 11.789645 0.271272
-0.094275 11.775440 0.273885
-0.083723 11.764621 0.275876
-0.073210 11.757000 0.277278
-0.062722 11.751479 0.278293
-0.052249 11.747133 0.279093
-0.041788 11.744043 0.279661
-0.031335 11.741789 0.280076
-0.020889 11.740954 0.280229
-0.010445 11.741288 0.280168
0.000000 11.742540 0.279938
0.010448 11.744544 0.279569
0.020900 11.747551 0.279016
0.031361 11.751479 0.278293
0.041836 11.757419 0.277201
0.052331 11.765542 0.275706
0.062852 11.775776 0.273824
0.073408 11.788720 0.271443
0.084030 11.807766 0.267939
-0.115679 11.819865 0.255021
-0.104941 11.794961 0.259624
-0.094321 11.779229 0.262533
-0.083759 11.767729 0.264658
-0.073237 11.759350 0.266207
-0.062744 11.753742 0.267244
-0.052267 11.749310 0.268063
-0.041802 11.745968 0.268681
-0.031345 11.743712 0.269098
-0.020894 11.742293 0.269361
-0.010447 11.742376 0.269345
0.000000 11.743462 0.269144
0.010450 11.745717 0.268728
0.020906 11.748725 0.268172
0.031370 11.753073 0.267368
0.041850 11.759517 0.266177
0.052350 11.767981 0.264612
0.062878 11.778725 0.262626
0.073446 11.792940 0.259998
0.084136 11.820796 0.254849
-0.105031 11.803236 0.247414
-0.094384 11.785207 0.250763
-0.083806 11.772435 0.253135
-0.073273 11.763210 0.254849
-0.062773 11.757179 0.255969
-0.052291 11.752660 0.256809
-0.041820 11.749148 0.257461
-0.031359 11.746724 0.257912
-0.020903 11.745219 0.258191
-0.010451 11.744635 0.258300
0.000000 11.746139 0.258020
0.010455 11.748646 0.257554
0.020916 11.752242 0.256887
0.031386 11.757179 0.255969
0.041871 11.763545 0.254787
0.052376 11.771932 0.253229
0.062914 11.783525 0.251075
0.073517 11.802477 0.247555
-0.105182 11.818205 0.233935
-0.094470 11.794058 0.238442
-0.083868 11.779247 0.241207
-0.073322 11.769171 0.243088
-0.062810 11.762127 0.244403
-0.052319 11.757185 0.245325
-0.041842 11.753502 0.246013
-0.031375 11.750825 0.246513
-0.020914 11.749403 0.246778
-0.010457 11.749319 0.246794
0.000000 11.750908 0.246497
0.010461 11.753753 0.245966
0.020929 11.757603 0.245247
0.031407 11.762881 0.244262
0.041900 11.769674 0.242994
0.052414 11.778491 0.241348
0.062976 11.793300 0.238584
0.073665 11.824215 0.232813
-0.094601 11.808498 0.225054
-0.083954 11.789353 0.228645
-0.073388 11.777912 0.230791
-0.062856 11.768843 0.232492
-0.052355 11.763307 0.233531
-0.041870 11.759284 0.234285
-0.031395 11.756604 0.234788
-0.020929 11.755851 0.234929
-0.010464 11.755599 0.234976
0.000000 11.757358 0.234647
0.010469 11.760457 0.234065
0.020945 11.764816 0.233248
0.031432 11.770521 0.232178
0.041937 11.778248 0.230728
0.052470 11.789016 0.228708
0.063087 11.812047 0.224388
-0.084096 11.807330 0.214578
-0.073481 11.790880 0.217678
-0.062928 11.780443 0.219645
-0.052407 11.773132 0.221024
-0.041907 11.767843 0.222020
-0.031421 11.764404 0.222669
-0.020945 11.762978 0.222937
-0.010473 11.763733 0.222795
0.000000 11.765830 0.222400
0.010478 11.769270 0.221751
0.020965 11.774224 0.220818
0.031466 11.781116 0.219519
0.041988 11.790459 0.217758
0.052571 11.809864 0.214100
-0.073667 11.818845 0.201698
-0.063040 11.799491 0.205364
-0.052487 11.789122 0.207327
-0.041964 11.781883 0.208698
-0.031461 11.777510 0.209527
-0.020970 11.774905 0.210020
-0.010485 11.774989 0.210004
0.000000 11.777426 0.209543
0.010491 11.781546 0.208762
0.020992 11.787606 0.207615
0.031516 11.798141 0.205619
0.042093 11.817999 0.201859
-0.052641 11.821825 0.190419
-0.042057 11.806006 0.193429
-0.031523 11.798576 0.194843
-0.021008 11.794443 0.195629
-0.010503 11.792925 0.195918
0.000000 11.795876 0.195356
0.010512 11.803978 0.193815
0.021061 11.824198 0.189967
