-0.031710 11.903598 0.368531
-0.021124 11.894784 0.370065
-0.010559 11.891108 0.370705
0.000000 11.893245 0.370333
0.010571 11.904797 0.368323
-0.063434 11.904313 0.357676
-0.052772 11.884047 0.361221
-0.042180 11.873556 0.363057
-0.031621 11.868360 0.363965
-0.021076 11.865551 0.364457
-0.010538 11.865381 0.364487
0.000000 11.867253 0.364159
0.010543 11.870744 0.363548
0.021095 11.876283 0.362579
0.031666 11.885242 0.361012
-0.073902 11.885525 0.350246
-0.063264 11.870513 0.352885
-0.052680 11.861320 0.354502
-0.042119 11.854520 0.355697
-0.031579 11.850613 0.356384
-0.021049 11.848236 0.356802
-0.010524 11.848236 0.356802
0.000000 11.849679 0.356548
0.010528 11.852396 0.356071
0.021064 11.856729 0.355309
0.031612 11.862936 0.354217
0.042181 11.871876 0.352646
0.052808 11.890309 0.349405
-0.084432 11.879747 0.340547
-0.073782 11.864321 0.343273
-0.063187 11.854117 0.345076
-0.052623 11.846560 0.346411
-0.042078 11.840962 0.347401
-0.031548 11.836894 0.348120
-0.021028 11.834776 0.348494
-0.010514 11.834691 0.348509
0.000000 11.835962 0.348284
0.010517 11.838334 0.347865
0.021041 11.841979 0.347221
0.031576 11.847323 0.346277
0.042126 11.854372 0.345031
0.052707 11.865513 0.343062
0.063355 11.885552 0.339521
-0.095009 11.880711 0.329656
-0.084318 11.861706 0.333032
-0.073707 11.850316 0.335055
-0.063131 11.841660 0.336593
-0.052579 11.834879 0.337797
-0.042046 11.829884 0.338685
-0.031524 11.826161 0.339346
-0.021013 11.824132 0.339706
-0.010507 11.824470 0.339646
0.000000 11.824724 0.339601
0.010509 11.826838 0.339226
0.021023 11.830053 0.338655
0.031548 11.834879 0.337797
0.042089 11.841999 0.336533
0.052646 11.849891 0.335131
0.063250 11.863919 0.332639
0.073937 11.887373 0.328473
-0.105697 11.893558 0.316640
-0.094880 11.862666 0.322155
-0.084242 11.849148 0.324568
-0.073649 11.839135 0.326356
-0.063086 11.831256 0.327762
-0.052545 11.825248 0.328835
-0.042020 11.820682 0.329650
-0.031507 11.817556 0.330208
-0.021002 11.816205 0.330450
-0.010501 11.815783 0.330525
0.000000 11.816289 0.330434
0.010502 11.817894 0.330148
0.021010 11.820851 0.329620
0.031528 11.825502 0.328790
0.042060 11.831849 0.327657
0.052611 11.839983 0.326204
0.063189 11.850507 0.324326
0.073820 11.866497 0.321471
0.084611 11.901092 0.315295
-0.105509 11.870441 0.310049
-0.094803 11.851122 0.313516
-0.084186 11.839324 0.315633
-0.073605 11.830089 0.317290
-0.063052 11.822981 0.318565
-0.052518 11.817319 0.319581
-0.042001 11.813434 0.320278
-0.031493 11.810733 0.320763
-0.020993 11.809467 0.320990
-0.010496 11.809130 0.321051
0.000000 11.809720 0.320945
0.010498 11.811155 0.320687
0.021001 11.813856 0.320203
0.031514 11.818332 0.319399
0.042040 11.824335 0.318322
0.052583 11.831952 0.316956
0.063151 11.841444 0.315252
0.073754 11.854012 0.312997
0.084440 11.875046 0.309223
-0.116291 11.892160 0.295412
-0.105435 11.860243 0.301167
-0.094754 11.842991 0.304279
-0.084143 11.831377 0.306373
-0.073571 11.822744 0.307930
-0.063025 11.815982 0.309149
-0.052500 11.811169 0.310017
-0.041986 11.807204 0.310732
-0.031484 11.805095 0.311113
-0.020987 11.803831 0.311341
-0.010493 11.803578 0.311386
0.000000 11.804083 0.311295
0.010495 11.805432 0.311052
0.020994 11.808131 0.310565
0.031503 11.812351 0.309804
0.042025 11.818179 0.308753
0.052563 11.825451 0.307442
0.063124 11.834511 0.305808
0.073716 11.846047 0.303728
0.084367 11.862797 0.300707
-0.116177 11.878510 0.287142
-0.105387 11.852865 0.291790
-0.094720 11.836819 0.294698
-0.084116 11.825637 0.296724
-0.073553 11.817857 0.298134
-0.063011 11.811437 0.299298
-0.052487 11.806374 0.300216
-0.041978 11.803169 0.300796
-0.031476 11.800388 0.301300
-0.020982 11.799208 0.301514
-0.010491 11.798871 0.301575
0.000000 11.799377 0.301484
0.010492 11.800641 0.301255
0.020989 11.803254 0.300781
0.031495 11.807471 0.300017
0.042013 11.813041 0.299007
0.052548 11.820139 0.297721
0.063104 11.828854 0.296141
0.073690 11.839872 0.294144
0.084325 11.855076 0.291389
0.095149 11.890391 0.284988
-0.116122 11.871026 0.277770
-0.105357 11.847532 0.282049
-0.094699 11.832260 0.284831
-0.084105 11.822185 0.286666
-0.073544 11.814408 0.288082
-0.063004 11.808244 0.289205
-0.052481 11.803183 0.290127
-0.041971 11.799221 0.290848
-0.031471 11.796525 0.291339
-0.020979 11.795346 0.291554
-0.010489 11.795094 0.291600
0.000000 11.795515 0.291524
0.010491 11.796862 0.291278
0.020986 11.799305 0.290833
0.031490 11.803604 0.290050
0.042006 11.809173 0.289036
0.052538 11.816013 0.287790
0.063092 11.824554 0.286234
0.073673 11.835142 0.284306
0.084301 11.849656 0.281662
0.095086 11.880672 0.276013
-0.116100 11.866787 0.267814
-0.105345 11.844240 0.271941
-0.094693 11.829567 0.274627
-0.084102 11.819833 0.276408
-0.073542 11.812142 0.277816
-0.063002 11.805895 0.278960
-0.052480 11.800920 0.279871
-0.041970 11.797043 0.280580
-0.031470 11.794095 0.281120
-0.020977 11.792496 0.281413
-0.010489 11.792580 0.281397
0.000000 11.793001 0.281320
0.010490 11.794600 0.281027
0.020985 11.797127 0.280565
0.031489 11.801172 0.279824
0.042002 11.806149 0.278913
0.052533 11.812818 0.277693
0.063084 11.821271 0.276145
0.073664 11.831770 0.274224
0.084292 11.846448 0.271537
0.095060 11.875488 0.266221
-0.116103 11.865191 0.257376
-0.105347 11.842562 0.261538
-0.094696 11.828060 0.264206
-0.084106 11.818496 0.265965
-0.073545 11.810806 0.267380
-0.063005 11.804475 0.268545
-0.052482 11.799499 0.269460
-0.041972 11.795623 0.270173
-0.031471 11.792591 0.270731
-0.020978 11.791160 0.270994
-0.010489 11.791160 0.270994
0.000000 11.791918 0.270854
0.010491 11.793517 0.270560
0.020987 11.796129 0.270080
0.031490 11.799668 0.269429
0.042005 11.804897 0.268467
0.052533 11.810890 0.267364
0.063083 11.819173 0.265841
0.073665 11.830093 0.263832
0.084297 11.845279 0.261038
0.095065 11.874147 0.255728
-0.116146 11.867602 0.246196
-0.105370 11.843176 0.250712
-0.094713 11.828162 0.253487
-0.084118 11.818258 0.255318
-0.073555 11.810398 0.256771
-0.063013 11.804151 0.257926
-0.052489 11.799091 0.258861
-0.041977 11.795130 0.259593
-0.031475 11.792098 0.260154
-0.020981 11.790919 0.260372
-0.010490 11.790835 0.260387
0.000000 11.791677 0.260232
0.010493 11.793361 0.259920
0.020990 11.796056 0.259422
0.031494 11.799512 0.258783
0.042009 11.804066 0.257941
0.052539 11.810398 0.256771
0.063095 11.819442 0.255099
0.073683 11.831043 0.252955
0.084319 11.846489 0.250099
0.095112 11.878101 0.244255
-0.116264 11.877785 0.233565
-0.105426 11.847530 0.239186
-0.094746 11.830468 0.242355
-0.084140 11.819374 0.244416
-0.073571 11.811173 0.245939
-0.063027 11.804671 0.247147
-0.052499 11.799440 0.248119
-0.041985 11.795563 0.248839
-0.031482 11.793120 0.249293
-0.020985 11.791520 0.249590
-0.010493 11.791520 0.249590
0.000000 11.792446 0.249418
0.010495 11.794131 0.249105
0.020995 11.796827 0.248604
0.031502 11.800284 0.247962
0.042020 11.805177 0.247053
0.052554 11.811849 0.245814
0.063116 11.821405 0.244039
0.073711 11.833520 0.241788
0.084359 11.850166 0.238696
-0.105510 11.855037 0.227060
-0.094801 11.835405 0.230724
-0.084171 11.821844 0.233256
-0.073596 11.813131 0.234882
-0.063046 11.806373 0.236144
-0.052515 11.801056 0.237136
-0.041997 11.796839 0.237923
-0.031490 11.794142 0.238427
-0.020992 11.793131 0.238615
-0.010496 11.793131 0.238615
0.000000 11.793974 0.238458
0.010498 11.795744 0.238128
0.021001 11.798526 0.237608
0.031512 11.802237 0.236916
0.042033 11.807048 0.236018
0.052576 11.814738 0.234582
0.063144 11.824808 0.232702
0.073750 11.837951 0.230249
0.084420 11.856740 0.226742
-0.105646 11.868442 0.213810
-0.094880 11.843236 0.218538
-0.084226 11.827621 0.221467
-0.073632 11.817037 0.223453
-0.063073 11.809596 0.224848
-0.052537 11.804191 0.225862
-0.042015 11.800056 0.226638
-0.031503 11.797105 0.227191
-0.021000 11.795840 0.227428
-0.010500 11.795671 0.227460
0.000000 11.796599 0.227286
0.010502 11.798454 0.226938
0.021010 11.801237 0.226416
0.031525 11.805289 0.225656
0.042053 11.810695 0.224642
0.052603 11.818983 0.223087
0.063183 11.830079 0.221006
0.073805 11.844851 0.218235
0.084580 11.877239 0.212160
-0.094996 11.855763 0.205449
-0.084301 11.836206 0.209135
-0.073683 11.823317 0.211565
-0.063115 11.815445 0.213049
-0.052570 11.809611 0.214148
-0.042040 11.805218 0.214976
-0.031522 11.802094 0.215565
-0.021011 11.799985 0.215962
-0.010505 11.799479 0.216058
0.000000 11.800491 0.215867
0.010508 11.802348 0.215517
0.021021 11.805471 0.214928
0.031544 11.810371 0.214005
0.042081 11.816798 0.212793
0.052640 11.825350 0.211182
0.063234 11.837649 0.208863
0.073898 11.857722 0.205080
-0.084409 11.849399 0.195912
-0.073757 11.833254 0.198970
-0.063168 11.823503 0.200816
-0.052611 11.816983 0.202051
-0.042072 11.812077 0.202980
-0.031544 11.808611 0.203637
-0.021026 11.806330 0.204069
-0.010512 11.805316 0.204261
0.000000 11.805992 0.204133
0.010515 11.808442 0.203669
0.021036 11.812415 0.202916
0.031569 11.817914 0.201875
0.042119 11.825282 0.200479
0.052693 11.835291 0.198584
0.063314 11.850761 0.195654
-0.073864 11.848484 0.185346
-0.063239 11.834800 0.187950
-0.052664 11.826995 0.189435
-0.042112 11.821402 0.190499
-0.031573 11.817422 0.191257
-0.021044 11.814883 0.191740
-0.010522 11.814291 0.191852
0.000000 11.815306 0.191659
0.010525 11.818269 0.191095
0.021058 11.822757 0.190241
0.031605 11.829284 0.188999
0.042173 11.838537 0.187239
0.052776 11.852059 0.184665
-0.063382 11.859579 0.172481
-0.052746 11.843401 0.175575
-0.042167 11.834989 0.177183
-0.031610 11.829302 0.178270
-0.021068 11.826334 0.178838
-0.010534 11.826249 0.178854
0.000000 11.828199 0.178481
0.010539 11.832102 0.177735
0.021089 11.838131 0.176582
0.031657 11.846718 0.174940
0.042260 11.861200 0.172171
-0.042298 11.869930 0.159736
-0.031683 11.854573 0.162686
-0.021110 11.847675 0.164012
-0.010553 11.845548 0.164420
0.000000 11.848441 0.163864
0.010561 11.854573 0.162686
0.021142 11.865660 0.160556
