-0.010621 11.956921 0.337693
0.000000 11.963753 0.336492
-0.053093 11.952466 0.327695
-0.042419 11.936938 0.330439
-0.031792 11.928414 0.331946
-0.021185 11.923169 0.332873
-0.010590 11.920333 0.333374
0.000000 11.920590 0.333328
0.010592 11.922997 0.332903
0.021197 11.929877 0.331687
0.031826 11.941161 0.329693
-0.063618 11.933011 0.320366
-0.052960 11.920537 0.322582
-0.042338 11.912208 0.324062
-0.031738 11.906461 0.325083
-0.021152 11.902775 0.325737
-0.010575 11.901490 0.325965
0.000000 11.902090 0.325859
0.010577 11.904232 0.325478
0.021161 11.907661 0.324869
0.031756 11.913066 0.323909
0.042374 11.922170 0.322292
0.053040 11.938611 0.319372
-0.074188 11.925643 0.310911
-0.063510 11.910780 0.313565
-0.052891 11.903062 0.314943
-0.042289 11.896296 0.316151
-0.031704 11.891590 0.316991
-0.021131 11.888597 0.317525
-0.010565 11.888170 0.317602
0.000000 11.888768 0.317495
0.010567 11.890564 0.317174
0.021139 11.893558 0.316640
0.031721 11.898180 0.315815
0.042317 11.904262 0.314729
0.052942 11.914471 0.312906
0.063617 11.930893 0.309974
-0.084795 11.924989 0.300262
-0.074086 11.907380 0.303421
-0.063451 11.897695 0.305159
-0.052842 11.890079 0.306526
-0.042253 11.884351 0.307553
-0.031678 11.880081 0.308320
-0.021115 11.877691 0.308749
-0.010557 11.877179 0.308840
0.000000 11.877691 0.308749
0.010559 11.879398 0.308442
0.021123 11.882301 0.307921
0.031695 11.886231 0.307216
0.042279 11.891618 0.306249
0.052883 11.899322 0.304867
0.063527 11.911927 0.302605
0.074231 11.930669 0.299242
-0.095451 11.930101 0.288570
-0.084690 11.908268 0.292507
-0.074027 11.896011 0.294717
-0.063405 11.887113 0.296322
-0.052808 11.880449 0.297524
-0.042227 11.875071 0.298494
-0.031660 11.871147 0.299201
-0.021102 11.868419 0.299693
-0.010550 11.867993 0.299770
0.000000 11.868505 0.299678
0.010552 11.869954 0.299416
0.021109 11.872512 0.298955
0.031673 11.876265 0.298278
0.042248 11.881132 0.297401
0.052843 11.888481 0.296075
0.063464 11.898238 0.294316
0.074133 11.912989 0.291656
0.084892 11.936649 0.287389
-0.106258 11.950842 0.274032
-0.095326 11.912505 0.280980
-0.084623 11.896982 0.283794
-0.073982 11.886713 0.285655
-0.063371 11.878852 0.287080
-0.052781 11.872451 0.288240
-0.042207 11.867421 0.289151
-0.031645 11.863587 0.289846
-0.021092 11.860862 0.290340
-0.010545 11.860266 0.290448
0.000000 11.860607 0.290386
0.010547 11.862054 0.290124
0.021098 11.864439 0.289692
0.031657 11.868017 0.289043
0.042225 11.872537 0.288224
0.052809 11.878937 0.287064
0.063418 11.887739 0.285469
0.074068 11.900666 0.283126
0.084777 11.918606 0.279875
-0.106045 11.924918 0.267954
-0.095255 11.901725 0.272178
-0.084580 11.888964 0.274502
-0.073948 11.879305 0.276262
-0.063344 11.871794 0.277630
-0.052759 11.865740 0.278732
-0.042191 11.860970 0.279601
-0.031633 11.857310 0.280268
-0.021085 11.855013 0.280686
-0.010542 11.854247 0.280826
0.000000 11.854332 0.280810
0.010543 11.855863 0.280531
0.021089 11.857650 0.280206
0.031644 11.861566 0.279493
0.042209 11.866166 0.278655
0.052790 11.872732 0.277459
0.063392 11.880928 0.275966
0.074022 11.891274 0.274082
0.084706 11.906699 0.271272
0.095518 11.934565 0.266196
-0.105972 11.914716 0.259040
-0.095217 11.895070 0.262637
-0.084547 11.882407 0.264954
-0.073923 11.873354 0.266612
-0.063322 11.865849 0.267985
-0.052743 11.860141 0.269030
-0.042178 11.855375 0.269903
-0.031625 11.852143 0.270494
-0.021080 11.850527 0.270790
-0.010539 11.849762 0.270930
0.000000 11.849847 0.270914
0.010540 11.850867 0.270728
0.021084 11.852653 0.270401
0.031635 11.856226 0.269747
0.042199 11.861334 0.268812
0.052777 11.867725 0.267642
0.063375 11.875744 0.266174
0.073999 11.885570 0.264375
0.084661 11.898326 0.262041
0.095439 11.922800 0.257561
-0.105936 11.908821 0.249350
-0.095194 11.890218 0.252772
-0.084525 11.877307 0.255147
-0.073904 11.868431 0.256780
-0.063309 11.861442 0.258065
-0.052731 11.855567 0.259146
-0.042169 11.851144 0.259960
-0.031620 11.848593 0.260429
-0.021077 11.846979 0.260726
-0.010538 11.846214 0.260867
0.000000 11.846299 0.260851
0.010539 11.847149 0.260695
0.021081 11.849103 0.260335
0.031631 11.852505 0.259709
0.042192 11.857525 0.258786
0.052768 11.863913 0.257611
0.063363 11.871587 0.256199
0.073984 11.881322 0.254408
0.084641 11.893557 0.252158
0.095396 11.915522 0.248117
-0.105920 11.905074 0.239269
-0.095184 11.886993 0.242612
-0.084515 11.873916 0.245029
-0.073895 11.865044 0.246669
-0.063302 11.858228 0.247929
-0.052727 11.852611 0.248968
-0.042168 11.848699 0.249691
-0.031618 11.845725 0.250241
-0.021076 11.844195 0.250523
-0.010537 11.843516 0.250649
0.000000 11.843601 0.250633
0.010538 11.844450 0.250476
0.021080 11.846319 0.250131
0.031628 11.849719 0.249502
0.042189 11.854738 0.248574
0.052764 11.861039 0.247410
0.063358 11.868711 0.245991
0.073977 11.878187 0.244240
0.084632 11.890417 0.241979
0.095377 11.911171 0.238142
-0.105921 11.903217 0.228841
-0.095186 11.885309 0.232168
-0.084519 11.872661 0.234517
-0.073901 11.864045 0.236118
-0.063306 11.856973 0.237431
-0.052730 11.851357 0.238475
-0.042168 11.846935 0.239296
-0.031618 11.843961 0.239849
-0.021076 11.842262 0.240164
-0.010537 11.841582 0.240291
0.000000 11.841667 0.240275
0.010538 11.842601 0.240101
0.021080 11.844470 0.239754
0.031629 11.847870 0.239122
0.042190 11.852973 0.238175
0.052764 11.859102 0.237036
0.063358 11.866688 0.235627
0.073977 11.876333 0.233835
0.084632 11.888475 0.231580
0.095382 11.909828 0.227613
-0.105943 11.903676 0.217980
-0.095199 11.884994 0.221468
-0.084535 11.872857 0.223733
-0.073913 11.863983 0.225390
-0.063316 11.856911 0.226710
-0.052737 11.851123 0.227790
-0.042174 11.846615 0.228632
-0.031621 11.843131 0.229282
-0.021078 11.841347 0.229615
-0.010538 11.840498 0.229774
0.000000 11.840668 0.229742
0.010539 11.841602 0.229568
0.021082 11.843896 0.229139
0.031631 11.846955 0.228568
0.042193 11.851888 0.227647
0.052769 11.858273 0.226456
0.063364 11.865944 0.225024
0.073985 11.875675 0.223207
0.084642 11.887989 0.220909
0.095407 11.910976 0.216618
-0.105990 11.907055 0.206568
-0.095225 11.886390 0.210444
-0.084559 11.874334 0.212705
-0.073932 11.865200 0.214418
-0.063331 11.857870 0.215793
-0.052749 11.851825 0.216927
-0.042183 11.847231 0.217789
-0.031628 11.843746 0.218443
-0.021081 11.841367 0.218889
-0.010540 11.840772 0.219000
0.000000 11.840857 0.218984
0.010541 11.842131 0.218745
0.021086 11.844426 0.218315
0.031638 11.847656 0.217709
0.042201 11.852420 0.216815
0.052778 11.858381 0.215697
0.063377 11.866395 0.214194
0.074005 11.876897 0.212224
0.084678 11.891014 0.209576
0.095456 11.915134 0.205052
-0.106099 11.917403 0.193832
-0.095278 11.891042 0.198800
-0.084592 11.877093 0.201429
-0.073958 11.867442 0.203248
-0.063353 11.859937 0.204663
-0.052767 11.853804 0.205819
-0.042196 11.848953 0.206733
-0.031637 11.845296 0.207422
-0.021088 11.843256 0.207807
-0.010543 11.842236 0.207999
0.000000 11.842746 0.207903
0.010545 11.844021 0.207663
0.021093 11.846401 0.207214
0.031649 11.849719 0.206589
0.042215 11.854230 0.205738
0.052795 11.860278 0.204598
0.063400 11.868723 0.203007
0.074039 11.880428 0.200801
0.084731 11.896528 0.197766
0.095556 11.925671 0.192273
-0.095370 11.900504 0.186234
-0.084643 11.882251 0.189690
-0.073994 11.871308 0.191763
-0.063380 11.863115 0.193314
-0.052789 11.856807 0.194509
-0.042213 11.851697 0.195477
-0.031650 11.848038 0.196170
-0.021095 11.845571 0.196637
-0.010547 11.845146 0.196717
0.000000 11.845656 0.196621
0.010549 11.847102 0.196347
0.021102 11.849399 0.195912
0.031663 11.852974 0.195235
0.042234 11.857659 0.194348
0.052822 11.864309 0.193088
0.063436 11.873615 0.191326
0.074090 11.886702 0.188847
0.084809 11.905570 0.185274
-0.095526 11.918071 0.172104
-0.084724 11.891613 0.177139
-0.074041 11.876803 0.179957
-0.063416 11.868003 0.181632
-0.052817 11.861177 0.182930
-0.042234 11.855722 0.183968
-0.031665 11.851719 0.184730
-0.021106 11.849676 0.185119
-0.010553 11.849165 0.185216
0.000000 11.849761 0.185103
0.010555 11.851378 0.184795
0.021114 11.853933 0.184309
0.031680 11.857596 0.183612
0.042258 11.862541 0.182671
0.052855 11.869796 0.181290
0.063485 11.880908 0.179176
0.074161 11.896071 0.176290
0.084992 11.929274 0.169972
-0.084854 11.907951 0.163233
-0.074118 11.887184 0.167203
-0.063466 11.875289 0.169478
-0.052854 11.867514 0.170964
-0.042262 11.861797 0.172057
-0.031686 11.857704 0.172840
-0.021120 11.855318 0.173296
-0.010559 11.854806 0.173394
0.000000 11.855318 0.173296
0.010561 11.856937 0.172987
0.021128 11.859835 0.172432
0.031702 11.863844 0.171666
0.042290 11.869393 0.170605
0.052901 11.878197 0.168922
0.063551 11.891298 0.166417
0.074271 11.911735 0.162509
-0.074245 11.905747 0.152856
-0.063544 11.887897 0.156285
-0.052911 11.878565 0.158077
-0.042305 11.871724 0.159392
-0.031716 11.866855 0.160327
-0.021138 11.863697 0.160934
-0.010568 11.862161 0.161229
0.000000 11.862758 0.161114
0.010570 11.864636 0.160753
0.021145 11.867709 0.160163
0.031730 11.872152 0.159309
0.042333 11.879763 0.157847
0.052967 11.891069 0.155675
0.063657 11.909186 0.152195
-0.063672 11.909991 0.141234
-0.052993 11.894956 0.144136
-0.042362 11.885954 0.145874
-0.031756 11.879874 0.147047
-0.021163 11.875939 0.147807
-0.010580 11.873630 0.148253
0.000000 11.874143 0.148154
0.010582 11.875767 0.147840
0.021172 11.880645 0.146899
0.031777 11.888096 0.145460
0.042412 11.899763 0.143208
0.053117 11.922822 0.138758
-0.042467 11.913293 0.129785
-0.031815 11.900051 0.132353
-0.021199 11.894213 0.133485
-0.010598 11.892411 0.133834
0.000000 11.892669 0.133784
0.010602 11.897303 0.132885
0.021220 11.906066 0.131186
0.031883 11.925443 0.127429
