-0.042458 11.949665 0.338969
-0.031815 11.939056 0.340834
-0.021199 11.933113 0.341879
-0.010597 11.930101 0.342408
0.000000 11.931392 0.342181
0.010603 11.937161 0.341167
0.021227 11.948888 0.339105
-0.063658 11.942368 0.329480
-0.052984 11.927984 0.332022
-0.042355 11.918958 0.333617
-0.031751 11.913206 0.334633
-0.021161 11.909345 0.335316
-0.010579 11.907630 0.335619
0.000000 11.908574 0.335452
0.010582 11.911147 0.334997
0.021173 11.916382 0.334072
0.031779 11.923598 0.332797
0.042422 11.937627 0.330318
-0.074212 11.931547 0.320626
-0.063528 11.915985 0.323391
-0.052899 11.906889 0.325006
-0.042296 11.900377 0.326163
-0.031710 11.895668 0.327000
-0.021136 11.893358 0.327410
-0.010568 11.893187 0.327440
0.000000 11.894043 0.327288
0.010570 11.896096 0.326924
0.021147 11.899692 0.326285
0.031734 11.904746 0.325387
0.042340 11.912722 0.323970
0.052980 11.925094 0.321773
0.063700 11.948273 0.317656
-0.084812 11.929343 0.310251
-0.074091 11.910180 0.313672
-0.063455 11.900492 0.315402
-0.052847 11.893216 0.316701
-0.042257 11.887486 0.317724
-0.031682 11.883299 0.318471
-0.021118 11.881591 0.318776
-0.010559 11.881250 0.318837
0.000000 11.882189 0.318669
0.010561 11.883983 0.318349
0.021128 11.887144 0.317785
0.031704 11.891590 0.316991
0.042293 11.897666 0.315906
0.052909 11.907092 0.314224
0.063570 11.922032 0.311556
0.074329 11.948397 0.306849
-0.095459 11.933081 0.298810
-0.084687 11.909782 0.302990
-0.074028 11.898123 0.305082
-0.063407 11.889566 0.306618
-0.052809 11.882814 0.307829
-0.042229 11.877605 0.308764
-0.031662 11.873766 0.309453
-0.021104 11.871805 0.309805
-0.010552 11.871464 0.309866
0.000000 11.872061 0.309759
0.010554 11.873937 0.309422
0.021113 11.876667 0.308932
0.031681 11.880935 0.308166
0.042260 11.886317 0.307201
0.052859 11.893928 0.305835
0.063495 11.906007 0.303668
0.074186 11.923441 0.300539
-0.106252 11.952101 0.284602
-0.095319 11.913590 0.291547
-0.084619 11.898324 0.294300
-0.073979 11.888310 0.296106
-0.063369 11.880449 0.297524
-0.052779 11.874132 0.298663
-0.042207 11.869357 0.299524
-0.031645 11.865693 0.300185
-0.021093 11.863308 0.300615
-0.010546 11.863138 0.300646
0.000000 11.863819 0.300523
0.010548 11.865352 0.300246
0.021101 11.868079 0.299755
0.031662 11.871915 0.299063
0.042234 11.876948 0.298155
0.052823 11.884036 0.296877
0.063442 11.894042 0.295072
0.074104 11.908354 0.292491
0.084848 11.930532 0.288492
-0.106022 11.924282 0.278846
-0.095239 11.901695 0.282940
-0.084572 11.889706 0.285112
-0.073941 11.880218 0.286832
-0.063339 11.872963 0.288147
-0.052756 11.866995 0.289229
-0.042189 11.862395 0.290062
-0.031632 11.858989 0.290680
-0.021084 11.856777 0.291081
-0.010542 11.856097 0.291204
0.000000 11.856692 0.291096
0.010543 11.858224 0.290818
0.021092 11.860862 0.290340
0.031647 11.864439 0.289692
0.042214 11.869637 0.288750
0.052799 11.876632 0.287482
0.063406 11.885431 0.285887
0.074048 11.897325 0.283732
0.084753 11.915254 0.280482
-0.105936 11.912709 0.270177
-0.095195 11.894185 0.273551
-0.084535 11.882637 0.275655
-0.073914 11.873841 0.277257
-0.063317 11.866763 0.278546
-0.052739 11.861055 0.279586
-0.042175 11.856714 0.280376
-0.031624 11.853822 0.280903
-0.021079 11.851951 0.281244
-0.010539 11.851271 0.281368
0.000000 11.851611 0.281306
0.010540 11.852802 0.281089
0.021084 11.854758 0.280733
0.031638 11.859012 0.279958
0.042203 11.864377 0.278981
0.052783 11.871026 0.277770
0.063385 11.879476 0.276231
0.074015 11.890076 0.274300
0.084695 11.905155 0.271553
0.095530 11.936117 0.265914
-0.116796 11.937964 0.254785
-0.105896 11.906215 0.260596
-0.095168 11.888906 0.263765
-0.084510 11.877110 0.265924
-0.073893 11.868577 0.267486
-0.063300 11.861760 0.268734
-0.052726 11.856311 0.269731
-0.042165 11.851888 0.270541
-0.031617 11.849422 0.270992
-0.021076 11.847978 0.271257
-0.010537 11.847383 0.271366
0.000000 11.847808 0.271288
0.010539 11.848827 0.271101
0.021081 11.850867 0.270728
0.031632 11.854780 0.270012
0.042194 11.860056 0.269046
0.052772 11.866616 0.267845
0.063370 11.874805 0.266346
0.073996 11.885143 0.264454
0.084667 11.899183 0.261884
0.095458 11.925210 0.257120
-0.116733 11.929550 0.245537
-0.105876 11.902042 0.250597
-0.095153 11.885084 0.253716
-0.084493 11.872867 0.255964
-0.073880 11.864509 0.257501
-0.063290 11.857950 0.258708
-0.052719 11.852760 0.259662
-0.042160 11.848593 0.260429
-0.031614 11.846299 0.260851
-0.021073 11.844855 0.261117
-0.010536 11.844345 0.261210
0.000000 11.844685 0.261148
0.010538 11.845789 0.260945
0.021079 11.847743 0.260585
0.031628 11.851654 0.259866
0.042190 11.856844 0.258911
0.052767 11.863487 0.257689
0.063363 11.871587 0.256199
0.073985 11.881493 0.254377
0.084651 11.895013 0.251890
0.095425 11.919133 0.247453
-0.116725 11.926741 0.235264
-0.105870 11.899413 0.240316
-0.095149 11.882631 0.243418
-0.084494 11.871014 0.245566
-0.073881 11.862743 0.247095
-0.063291 11.856100 0.248323
-0.052719 11.850825 0.249298
-0.042160 11.846659 0.250068
-0.031613 11.844025 0.250555
-0.021073 11.842666 0.250806
-0.010536 11.842242 0.250884
0.000000 11.842497 0.250837
0.010537 11.843601 0.250633
0.021078 11.845470 0.250288
0.031628 11.849464 0.249549
0.042189 11.854653 0.248590
0.052765 11.861124 0.247394
0.063361 11.869223 0.245897
0.073983 11.879127 0.244066
0.084650 11.892900 0.241520
0.095420 11.916500 0.237157
-0.116748 11.927206 0.224385
-0.105881 11.898670 0.229686
-0.095158 11.881888 0.232803
-0.084505 11.870612 0.234898
-0.073890 11.862255 0.236450
-0.063298 11.855526 0.237700
-0.052724 11.850081 0.238712
-0.042164 11.845830 0.239501
-0.031615 11.842771 0.240070
-0.021074 11.841412 0.240322
-0.010537 11.840733 0.240448
0.000000 11.841073 0.240385
0.010538 11.842177 0.240180
0.021079 11.844215 0.239801
0.031630 11.848210 0.239059
0.042191 11.853398 0.238096
0.052768 11.859954 0.236878
0.063365 11.868053 0.235373
0.073989 11.878127 0.233502
0.084655 11.891643 0.230991
0.095439 11.916962 0.226288
-0.105912 11.900244 0.218621
-0.095182 11.882941 0.221851
-0.084526 11.871576 0.223972
-0.073906 11.862875 0.225597
-0.063311 11.856059 0.226869
-0.052734 11.850442 0.227917
-0.042172 11.846105 0.228727
-0.031620 11.842706 0.229361
-0.021077 11.840837 0.229710
-0.010538 11.840158 0.229837
0.000000 11.841007 0.229679
0.010539 11.842112 0.229472
0.021083 11.844321 0.229060
0.031635 11.848146 0.228346
0.042197 11.853080 0.227425
0.052776 11.859721 0.226185
0.063375 11.867991 0.224641
0.074002 11.878324 0.222713
0.084678 11.892957 0.219981
0.095487 11.921039 0.214739
-0.105979 11.905852 0.206793
-0.095224 11.886219 0.210476
-0.084553 11.873565 0.212849
-0.073928 11.864603 0.214530
-0.063329 11.857444 0.215873
-0.052750 11.851910 0.216911
-0.042183 11.847316 0.217773
-0.031628 11.843831 0.218427
-0.021082 11.841876 0.218793
-0.010541 11.841367 0.218889
0.000000 11.842046 0.218761
0.010542 11.843576 0.218474
0.021089 11.846041 0.218012
0.031644 11.849613 0.217342
0.042208 11.854208 0.216480
0.052788 11.860596 0.215282
0.063392 11.869296 0.213650
0.074033 11.881428 0.211375
0.084726 11.897786 0.208306
0.095601 11.933224 0.201659
-0.106116 11.919297 0.193475
-0.095285 11.891899 0.198639
-0.084594 11.877350 0.201381
-0.073960 11.867784 0.203184
-0.063354 11.860193 0.204614
-0.052768 11.854230 0.205738
-0.042198 11.849548 0.206621
-0.031639 11.846061 0.207278
-0.021089 11.844106 0.207646
-0.010544 11.843851 0.207695
0.000000 11.844531 0.207566
0.010546 11.846146 0.207262
0.021098 11.848783 0.206765
0.031656 11.852357 0.206091
0.042226 11.857296 0.205160
0.052811 11.863774 0.203939
0.063426 11.873675 0.202073
0.074080 11.886931 0.199575
0.084801 11.906312 0.195922
-0.095393 11.903423 0.185681
-0.084654 11.883791 0.189399
-0.074001 11.872419 0.191552
-0.063386 11.864309 0.193088
-0.052794 11.858000 0.194283
-0.042218 11.853145 0.195203
-0.031653 11.849399 0.195912
-0.021099 11.847783 0.196218
-0.010549 11.847443 0.196283
0.000000 11.848038 0.196170
0.010551 11.849825 0.195831
0.021108 11.852719 0.195283
0.031672 11.856466 0.194574
0.042248 11.861580 0.193605
0.052844 11.869174 0.192167
0.063471 11.880197 0.190079
0.074145 11.895528 0.187176
0.084940 11.923981 0.181787
-0.095617 11.929446 0.169939
-0.084753 11.895728 0.176356
-0.074057 11.879454 0.179452
-0.063428 11.870137 0.181225
-0.052826 11.863309 0.182525
-0.042242 11.857937 0.183547
-0.031673 11.854699 0.184163
-0.021112 11.852740 0.184536
-0.010556 11.852400 0.184601
0.000000 11.853166 0.184455
0.010558 11.855040 0.184098
0.021121 11.857852 0.183563
0.031693 11.862115 0.182752
0.042277 11.867747 0.181680
0.052886 11.876803 0.179957
0.063533 11.889727 0.177498
0.074244 11.909382 0.173757
-0.084933 11.919051 0.161110
-0.074154 11.893012 0.166089
-0.063492 11.880250 0.168529
-0.052874 11.872212 0.170066
-0.042279 11.866405 0.171176
-0.031698 11.862138 0.171992
-0.021128 11.860006 0.172400
-0.010563 11.858983 0.172595
0.000000 11.859835 0.172432
0.010566 11.861797 0.172057
0.021137 11.865124 0.171421
0.031718 11.869735 0.170540
0.042316 11.876743 0.169200
0.052944 11.887784 0.167089
0.063623 11.904771 0.163841
-0.074338 11.920548 0.150012
-0.063588 11.896215 0.154687
-0.052942 11.885499 0.156745
-0.042328 11.878394 0.158110
-0.031732 11.873177 0.159112
-0.021149 11.869930 0.159736
-0.010573 11.868222 0.160064
0.000000 11.868649 0.159982
0.010576 11.871212 0.159490
0.021159 11.875315 0.158702
0.031758 11.882587 0.157305
0.042380 11.892869 0.155329
0.053051 11.909960 0.152046
-0.053055 11.908873 0.141450
-0.042400 11.896415 0.143855
-0.031781 11.889382 0.145212
-0.021180 11.885012 0.146056
-0.010588 11.882699 0.146502
0.000000 11.884069 0.146238
0.010593 11.888182 0.145444
0.021198 11.895128 0.144103
0.031829 11.907411 0.141732
-0.021244 11.918977 0.128682
-0.010616 11.912776 0.129885
0.000000 11.917771 0.128916
