-0.031753 11.917605 0.355351
-0.021137 11.899775 0.358470
-0.010563 11.894300 0.359428
0.000000 11.893786 0.359518
0.010571 11.902258 0.358036
-0.052811 11.890822 0.349314
-0.042203 11.877929 0.351581
-0.031632 11.870513 0.352885
-0.021082 11.867107 0.353484
-0.010540 11.866426 0.353604
0.000000 11.867532 0.353409
0.010544 11.870428 0.352900
0.021097 11.875286 0.352046
0.031665 11.882964 0.350696
0.042285 11.901003 0.347524
-0.073981 11.896239 0.337632
-0.063301 11.875481 0.341300
-0.052704 11.864917 0.343167
-0.042137 11.857431 0.344490
-0.031588 11.851993 0.345451
-0.021054 11.849445 0.345901
-0.010527 11.848936 0.345992
0.000000 11.849700 0.345856
0.010529 11.852163 0.345421
0.021066 11.856071 0.344731
0.031613 11.861513 0.343769
0.042180 11.869686 0.342325
0.052790 11.884186 0.339762
-0.084530 11.891648 0.327714
-0.073827 11.869540 0.331641
-0.063219 11.858134 0.333667
-0.052644 11.849551 0.335191
-0.042093 11.843186 0.336322
-0.031557 11.838608 0.337135
-0.021033 11.835726 0.337647
-0.010516 11.835303 0.337722
0.000000 11.835981 0.337602
0.010519 11.838099 0.337225
0.021043 11.841320 0.336653
0.031577 11.845986 0.335825
0.042126 11.852524 0.334663
0.052698 11.861706 0.333032
0.063329 11.878663 0.330020
-0.095169 11.898779 0.315708
-0.084371 11.867349 0.321319
-0.073745 11.854415 0.323628
-0.063159 11.844903 0.325326
-0.052600 11.837610 0.326628
-0.042060 11.832018 0.327626
-0.031534 11.827786 0.328382
-0.021018 11.825248 0.328835
-0.010509 11.824910 0.328895
0.000000 11.824825 0.328911
0.010510 11.826517 0.328609
0.021026 11.829478 0.328080
0.031550 11.833712 0.327324
0.042086 11.839390 0.326310
0.052643 11.847365 0.324887
0.063236 11.859347 0.322747
0.073897 11.878860 0.319264
-0.094954 11.869929 0.310141
-0.084289 11.853842 0.313028
-0.073684 11.842802 0.315009
-0.063112 11.834239 0.316545
-0.052565 11.827719 0.317715
-0.042033 11.822559 0.318641
-0.031516 11.819093 0.319263
-0.021007 11.816981 0.319642
-0.010503 11.816220 0.319778
0.000000 11.816474 0.319733
0.010504 11.817656 0.319521
0.021013 11.820276 0.319051
0.031529 11.824165 0.318353
0.042060 11.830004 0.317305
0.052609 11.837629 0.315937
0.063181 11.847215 0.314217
0.073796 11.860816 0.311776
0.084516 11.885804 0.307293
-0.105624 11.881473 0.297339
-0.094866 11.857010 0.301751
-0.084229 11.843416 0.304202
-0.073638 11.833495 0.305991
-0.063077 11.825620 0.307411
-0.052537 11.819531 0.308509
-0.042012 11.814547 0.309408
-0.031501 11.811760 0.309911
-0.020998 11.810157 0.310200
-0.010498 11.809481 0.310322
0.000000 11.809735 0.310276
0.010500 11.810832 0.310078
0.021003 11.812942 0.309698
0.031515 11.816827 0.308997
0.042040 11.822491 0.307976
0.052582 11.829683 0.306679
0.063145 11.838495 0.305089
0.073740 11.849784 0.303054
0.084396 11.866886 0.299970
-0.105526 11.868529 0.288951
-0.094812 11.848361 0.292606
-0.084183 11.835123 0.295005
-0.073603 11.825891 0.296678
-0.063049 11.818533 0.298012
-0.052515 11.812619 0.299084
-0.041997 11.808399 0.299849
-0.031491 11.805952 0.300292
-0.020991 11.804434 0.300567
-0.010495 11.803844 0.300674
0.000000 11.804013 0.300644
0.010496 11.805193 0.300430
0.020996 11.807133 0.300078
0.031504 11.810931 0.299390
0.042025 11.816336 0.298410
0.052562 11.823268 0.297154
0.063119 11.831564 0.295650
0.073705 11.842248 0.293714
0.084333 11.856182 0.291188
0.095125 11.887483 0.285515
-0.105470 11.860289 0.279725
-0.094776 11.841843 0.283085
-0.084157 11.829464 0.285340
-0.073581 11.820494 0.286974
-0.063033 11.813648 0.288221
-0.052503 11.808160 0.289220
-0.041987 11.803857 0.290004
-0.031484 11.801244 0.290480
-0.020986 11.799642 0.290772
-0.010493 11.799053 0.290879
0.000000 11.799305 0.290833
0.010494 11.800317 0.290649
0.020991 11.802255 0.290296
0.031496 11.806050 0.289605
0.042014 11.811367 0.288636
0.052547 11.817957 0.287436
0.063100 11.826078 0.285957
0.073679 11.836159 0.284120
0.084298 11.849231 0.281739
0.095037 11.874524 0.277133
-0.116271 11.884288 0.264610
-0.105435 11.854439 0.270074
-0.094753 11.837111 0.273246
-0.084141 11.825333 0.275402
-0.073572 11.817043 0.276919
-0.063026 11.810284 0.278156
-0.052497 11.804883 0.279145
-0.041983 11.800582 0.279932
-0.031480 11.797970 0.280411
-0.020983 11.795948 0.280781
-0.010491 11.795274 0.280904
0.000000 11.795358 0.280889
0.010492 11.796538 0.280673
0.020988 11.798475 0.280318
0.031491 11.802100 0.279655
0.042007 11.807330 0.278697
0.052537 11.813747 0.277522
0.063086 11.821609 0.276083
0.073663 11.831600 0.274255
0.084275 11.844155 0.271956
0.094994 11.867213 0.267736
-0.116238 11.878930 0.254848
-0.105420 11.850804 0.260022
-0.094742 11.833822 0.263146
-0.084138 11.822895 0.265156
-0.073569 11.814607 0.266681
-0.063023 11.807850 0.267924
-0.052495 11.802535 0.268901
-0.041981 11.798235 0.269692
-0.031477 11.795033 0.270281
-0.020981 11.792844 0.270684
-0.010490 11.792339 0.270777
0.000000 11.792675 0.270715
0.010492 11.794107 0.270452
0.020987 11.796213 0.270064
0.031489 11.799499 0.269460
0.042003 11.804306 0.268576
0.052532 11.810637 0.267411
0.063079 11.818411 0.265981
0.073653 11.828144 0.264190
0.084264 11.840609 0.261898
0.094978 11.863231 0.257736
-0.116251 11.878358 0.244208
-0.105420 11.848869 0.249659
-0.094747 11.832484 0.252688
-0.084142 11.821558 0.254708
-0.073573 11.813270 0.256240
-0.063026 11.806429 0.257505
-0.052498 11.801198 0.258471
-0.041983 11.796815 0.259282
-0.031478 11.793529 0.259889
-0.020982 11.791677 0.260232
-0.010491 11.791003 0.260356
0.000000 11.791592 0.260247
0.010492 11.792940 0.259998
0.020989 11.795214 0.259578
0.031491 11.798332 0.259001
0.042003 11.802548 0.258222
0.052531 11.808624 0.257099
0.063078 11.816313 0.255677
0.073657 11.826891 0.253722
0.084269 11.839440 0.251402
0.094982 11.861806 0.247268
-0.105445 11.849655 0.238791
-0.094763 11.832587 0.241961
-0.084154 11.821320 0.244054
-0.073583 11.812947 0.245610
-0.063035 11.806190 0.246865
-0.052504 11.800621 0.247900
-0.041988 11.796237 0.248714
-0.031482 11.792951 0.249324
-0.020985 11.791099 0.249668
-0.010492 11.790762 0.249731
0.000000 11.791267 0.249637
0.010494 11.792614 0.249387
0.020992 11.794973 0.248949
0.031496 11.798091 0.248369
0.042010 11.802392 0.247570
0.052539 11.808385 0.246457
0.063088 11.816160 0.245013
0.073669 11.826824 0.243032
0.084292 11.840648 0.240464
0.095010 11.863363 0.236245
-0.105508 11.854867 0.227091
-0.094800 11.835235 0.230756
-0.084176 11.822437 0.233145
-0.073599 11.813638 0.234787
-0.063048 11.806710 0.236081
-0.052515 11.801056 0.237136
-0.041996 11.796671 0.237955
-0.031488 11.793300 0.238584
-0.020989 11.791699 0.238883
-0.010494 11.791363 0.238946
0.000000 11.791868 0.238851
0.010496 11.793468 0.238552
0.020996 11.795744 0.238128
0.031503 11.798947 0.237530
0.042020 11.803334 0.236711
0.052550 11.808991 0.235655
0.063107 11.817867 0.233998
0.073694 11.828960 0.231927
0.084328 11.843811 0.229155
0.095068 11.868674 0.224514
-0.105608 11.864092 0.214626
-0.094860 11.840772 0.219000
-0.084213 11.825757 0.221817
-0.073623 11.815598 0.223722
-0.063067 11.808414 0.225070
-0.052530 11.802503 0.226179
-0.042008 11.798032 0.227017
-0.031498 11.794913 0.227602
-0.020995 11.793227 0.227918
-0.010497 11.792890 0.227982
0.000000 11.793480 0.227871
0.010499 11.795081 0.227571
0.021003 11.797357 0.227144
0.031513 11.800731 0.226511
0.042033 11.805204 0.225672
0.052571 11.811709 0.224452
0.063134 11.820929 0.222722
0.073731 11.832878 0.220481
0.084380 11.849187 0.217422
-0.105824 11.886418 0.199672
-0.094945 11.849463 0.206637
-0.084271 11.831963 0.209935
-0.073660 11.819591 0.212267
-0.063094 11.811555 0.213782
-0.052552 11.805556 0.214912
-0.042026 11.801082 0.215756
-0.031510 11.797792 0.216376
-0.021003 11.795852 0.216741
-0.010501 11.795431 0.216821
0.000000 11.796021 0.216709
0.010503 11.797539 0.216423
0.021011 11.800069 0.215946
0.031526 11.803529 0.215294
0.042051 11.808343 0.214387
0.052597 11.815698 0.213001
0.063170 11.825774 0.211102
0.073780 11.838923 0.208623
0.084464 11.859085 0.204823
-0.095080 11.864394 0.193072
-0.084351 11.841236 0.197458
-0.073717 11.826808 0.200190
-0.063136 11.817406 0.201971
-0.052585 11.810978 0.203188
-0.042051 11.806245 0.204085
-0.031528 11.802614 0.204772
-0.021015 11.800251 0.205220
-0.010506 11.799069 0.205444
0.000000 11.799829 0.205300
0.010508 11.801432 0.204996
0.021021 11.804049 0.204500
0.031542 11.807766 0.203797
0.042076 11.813261 0.202756
0.052632 11.821639 0.201169
0.063217 11.832660 0.199082
0.073849 11.848038 0.196170
-0.084470 11.855977 0.183920
-0.073795 11.837348 0.187465
-0.063191 11.825723 0.189677
-0.052626 11.818438 0.191063
-0.042082 11.813191 0.192062
-0.031551 11.809217 0.192818
-0.021030 11.806682 0.193300
-0.010513 11.805161 0.193590
0.000000 11.805668 0.193493
0.010515 11.806935 0.193252
0.021036 11.810485 0.192577
0.031568 11.815475 0.191627
0.042114 11.822079 0.190370
0.052682 11.830981 0.188676
0.063285 11.843381 0.186317
0.074044 11.877316 0.179859
-0.073913 11.854295 0.173492
-0.063268 11.838301 0.176550
-0.052681 11.828708 0.178384
-0.042122 11.822435 0.179583
-0.031580 11.817946 0.180441
-0.021048 11.814983 0.181008
-0.010522 11.813375 0.181315
0.000000 11.813968 0.181202
0.010525 11.816506 0.180717
0.021058 11.820571 0.179940
0.031602 11.826334 0.178838
0.042165 11.834394 0.177297
0.052757 11.845952 0.175087
0.063453 11.872896 0.169935
-0.063428 11.866343 0.160425
-0.052768 11.846398 0.164257
-0.042177 11.835772 0.166298
-0.031617 11.829999 0.167407
-0.021072 11.826436 0.168092
-0.010535 11.825333 0.168303
0.000000 11.826605 0.168059
0.010539 11.829659 0.167472
0.021087 11.834922 0.166461
0.031651 11.842571 0.164992
0.042242 11.854232 0.162752
-0.042339 11.879446 0.147130
-0.031691 11.855703 0.151713
-0.021113 11.847866 0.153225
-0.010554 11.845398 0.153702
0.000000 11.845993 0.153587
0.010559 11.850761 0.152667
0.021134 11.859198 0.151038
