-0.031550 11.843446 0.378999
-0.021025 11.838785 0.379810
-0.010512 11.838023 0.379943
0.000000 11.840225 0.379559
0.010519 11.845904 0.378571
0.021059 11.858129 0.376444
-0.063142 11.849488 0.367266
-0.052544 11.832623 0.370217
-0.042000 11.822730 0.371947
-0.031482 11.816059 0.373114
-0.020982 11.812515 0.373734
-0.010490 11.812094 0.373808
0.000000 11.813443 0.373572
0.010494 11.816481 0.373040
0.020998 11.821631 0.372139
0.031520 11.830169 0.370646
0.042075 11.843889 0.368246
-0.073597 11.836451 0.358874
-0.063003 11.821479 0.361507
-0.052457 11.811181 0.363317
-0.041940 11.803932 0.364592
-0.031441 11.798628 0.365524
-0.020955 11.795683 0.366042
-0.010477 11.794842 0.366190
0.000000 11.795515 0.366072
0.010480 11.798039 0.365628
0.020967 11.802079 0.364918
0.031466 11.808061 0.363866
0.041984 11.816496 0.362383
0.052537 11.829256 0.360139
-0.084087 11.831220 0.349122
-0.073474 11.814823 0.352020
-0.062919 11.803861 0.353957
-0.052397 11.795779 0.355386
-0.041896 11.789725 0.356456
-0.031411 11.785608 0.357183
-0.020938 11.783845 0.357495
-0.010468 11.783173 0.357614
0.000000 11.783593 0.357539
0.010470 11.785104 0.357272
0.020945 11.787876 0.356782
0.031431 11.793256 0.355832
0.041935 11.800661 0.354523
0.052462 11.810352 0.352810
0.063030 11.824538 0.350303
-0.094610 11.830815 0.338519
-0.083966 11.812307 0.341807
-0.073394 11.799916 0.344008
-0.062860 11.790745 0.345637
-0.052352 11.783687 0.346891
-0.041864 11.778650 0.347785
-0.031390 11.775631 0.348322
-0.020923 11.773954 0.348619
-0.010461 11.773451 0.348709
0.000000 11.773786 0.348649
0.010463 11.775212 0.348396
0.020930 11.777644 0.347964
0.031408 11.782511 0.347099
0.041901 11.789063 0.345936
0.052414 11.797727 0.344397
0.062957 11.809017 0.342391
0.073550 11.825146 0.339526
-0.105274 11.845922 0.325144
-0.094492 11.814094 0.330826
-0.083885 11.799002 0.333521
-0.073334 11.788402 0.335413
-0.062816 11.780674 0.336793
-0.052318 11.774046 0.337976
-0.041839 11.769855 0.338724
-0.031372 11.767258 0.339188
-0.020912 11.765667 0.339472
-0.010456 11.765081 0.339577
0.000000 11.765500 0.339502
0.010457 11.766756 0.339278
0.020918 11.769017 0.338874
0.031389 11.773627 0.338051
0.041874 11.779751 0.336958
0.052378 11.787645 0.335548
0.062906 11.797402 0.333806
0.073473 11.810718 0.331429
0.084126 11.832865 0.327475
-0.105101 11.824588 0.318277
-0.094418 11.802974 0.322155
-0.083828 11.789001 0.324662
-0.073295 11.780180 0.326245
-0.062786 11.773132 0.327510
-0.052297 11.767517 0.328517
-0.041822 11.763163 0.329299
-0.031359 11.760150 0.329839
-0.020903 11.758644 0.330109
-0.010451 11.758059 0.330214
0.000000 11.758477 0.330139
0.010452 11.759732 0.329914
0.020909 11.761991 0.329509
0.031375 11.766177 0.328758
0.041854 11.772042 0.327705
0.052349 11.779257 0.326411
0.062869 11.788581 0.324738
0.073419 11.800194 0.322654
0.084034 11.817910 0.319475
-0.105018 11.813280 0.309637
-0.094367 11.794649 0.312997
-0.083796 11.782625 0.315165
-0.073270 11.774231 0.316679
-0.062767 11.767525 0.317888
-0.052281 11.762081 0.318870
-0.041810 11.757814 0.319639
-0.031349 11.754469 0.320242
-0.020896 11.752630 0.320574
-0.010447 11.752129 0.320664
0.000000 11.753131 0.320484
0.010449 11.753967 0.320333
0.020902 11.756392 0.319896
0.031363 11.759989 0.319247
0.041838 11.765598 0.318236
0.052328 11.772470 0.316996
0.062840 11.781197 0.315422
0.073381 11.792124 0.313452
0.083968 11.806697 0.310824
0.094729 11.839852 0.304845
-0.115749 11.834784 0.295067
-0.104964 11.805278 0.300414
-0.094331 11.788182 0.303513
-0.083775 11.777680 0.305416
-0.073251 11.769376 0.306921
-0.062753 11.763009 0.308075
-0.052270 11.757485 0.309076
-0.041801 11.753387 0.309819
-0.031342 11.750212 0.310394
-0.020891 11.748207 0.310758
-0.010445 11.747873 0.310818
0.000000 11.748541 0.310697
0.010447 11.750044 0.310425
0.020899 11.752384 0.310001
0.031357 11.755728 0.309395
0.041826 11.760330 0.308561
0.052312 11.767029 0.307346
0.062819 11.775414 0.305827
0.073353 11.785744 0.303955
0.083938 11.800557 0.301270
0.094637 11.826399 0.296586
-0.115681 11.825908 0.285988
-0.104932 11.799811 0.290741
-0.094310 11.783653 0.293684
-0.083761 11.773745 0.295489
-0.073241 11.765780 0.296940
-0.062744 11.759332 0.298114
-0.052262 11.753978 0.299089
-0.041795 11.749882 0.299835
-0.031338 11.746791 0.300398
-0.020889 11.745121 0.300702
-0.010444 11.744954 0.300733
0.000000 11.745622 0.300611
0.010446 11.747042 0.300353
0.020897 11.749381 0.299927
0.031354 11.752640 0.299333
0.041820 11.756821 0.298571
0.052301 11.762680 0.297504
0.062804 11.770725 0.296039
0.073340 11.781720 0.294036
0.083912 11.795094 0.291600
0.094592 11.818887 0.287266
-0.115651 11.820933 0.276207
-0.104918 11.796285 0.280719
-0.094304 11.780974 0.283522
-0.083755 11.771069 0.285335
-0.073237 11.763190 0.286777
-0.062739 11.756660 0.287972
-0.052260 11.751474 0.288921
-0.041793 11.747380 0.289671
-0.031337 11.744290 0.290237
-0.020889 11.742870 0.290496
-0.010444 11.742703 0.290527
0.000000 11.743288 0.290420
0.010446 11.744874 0.290130
0.020896 11.747213 0.289701
0.031353 11.750388 0.289120
0.041819 11.754568 0.288355
0.052298 11.760091 0.287344
0.062802 11.768385 0.285826
0.073334 11.778790 0.283921
0.083906 11.792243 0.281459
0.094576 11.814930 0.277306
-0.115658 11.819680 0.265748
-0.104932 11.795876 0.270126
-0.094313 11.780227 0.273005
-0.083758 11.769483 0.274981
-0.073238 11.761521 0.276446
-0.062740 11.754908 0.277662
-0.052261 11.749807 0.278601
-0.041794 11.745713 0.279354
-0.031339 11.743124 0.279830
-0.020890 11.741538 0.280122
-0.010445 11.741288 0.280168
0.000000 11.741956 0.280045
0.010447 11.743458 0.279769
0.020897 11.745797 0.279339
0.031355 11.749055 0.278739
0.041821 11.753319 0.277955
0.052303 11.759176 0.276877
0.062808 11.767554 0.275336
0.073341 11.778043 0.273407
0.083915 11.791665 0.270901
0.094585 11.814185 0.266758
-0.115741 11.826298 0.253832
-0.104965 11.797742 0.259110
-0.094339 11.781498 0.262113
-0.083771 11.769491 0.264333
-0.073246 11.760774 0.265944
-0.062748 11.754328 0.267136
-0.052267 11.749143 0.268094
-0.041800 11.745466 0.268774
-0.031341 11.742209 0.269376
-0.020892 11.740957 0.269608
-0.010446 11.740790 0.269638
0.000000 11.741458 0.269515
0.010448 11.742877 0.269253
0.020900 11.745383 0.268789
0.031358 11.748558 0.268202
0.041827 11.752906 0.267399
0.052312 11.759266 0.266223
0.062820 11.767813 0.264643
0.073357 11.778641 0.262641
0.083936 11.792687 0.260045
0.094615 11.815975 0.255740
-0.105024 11.802392 0.247570
-0.094378 11.784450 0.250903
-0.083801 11.771680 0.253276
-0.073263 11.761701 0.255129
-0.062761 11.755003 0.256374
-0.052279 11.750067 0.257290
-0.041810 11.746222 0.258005
-0.031349 11.743298 0.258548
-0.020897 11.741545 0.258874
-0.010448 11.741211 0.258936
0.000000 11.741711 0.258843
0.010450 11.743298 0.258548
0.020904 11.745721 0.258098
0.031365 11.749064 0.257477
0.041837 11.753915 0.256576
0.052325 11.760445 0.255363
0.062839 11.769498 0.253681
0.073381 11.780583 0.251622
0.083970 11.795479 0.248855
0.094698 11.824368 0.243488
-0.105111 11.810258 0.235418
-0.094434 11.789510 0.239291
-0.083841 11.775383 0.241928
-0.073295 11.764809 0.243902
-0.062786 11.757687 0.245232
-0.052298 11.752414 0.246216
-0.041824 11.748399 0.246965
-0.031360 11.745474 0.247511
-0.020903 11.743552 0.247870
-0.010451 11.742633 0.248042
0.000000 11.742884 0.247995
0.010453 11.744638 0.247667
0.020910 11.746978 0.247231
0.031375 11.750825 0.246513
0.041850 11.755678 0.245607
0.052345 11.762965 0.244246
0.062864 11.772276 0.242508
0.073416 11.784208 0.240281
0.084032 11.802237 0.236916
-0.105263 11.825333 0.221896
-0.094511 11.797273 0.227160
-0.083896 11.781191 0.230176
-0.073336 11.769598 0.232351
-0.062817 11.761547 0.233861
-0.052323 11.756102 0.234882
-0.041843 11.751833 0.235683
-0.031374 11.748738 0.236263
-0.020912 11.746648 0.236655
-0.010455 11.745478 0.236875
0.000000 11.745645 0.236844
0.010457 11.747568 0.236483
0.020919 11.750578 0.235918
0.031391 11.754846 0.235118
0.041873 11.760206 0.234112
0.052372 11.767165 0.232807
0.062898 11.776820 0.230996
0.073468 11.790784 0.228377
0.084155 11.817629 0.223341
-0.094628 11.809949 0.214084
-0.083969 11.789616 0.217917
-0.073391 11.776408 0.220406
-0.062857 11.767088 0.222163
-0.052354 11.761050 0.223301
-0.041867 11.756526 0.224153
-0.031391 11.753177 0.224785
-0.020924 11.751001 0.225195
-0.010461 11.749830 0.225415
0.000000 11.750667 0.225258
0.010463 11.752842 0.224848
0.020933 11.756024 0.224248
0.031411 11.760464 0.223411
0.041902 11.766333 0.222305
0.052412 11.774056 0.220849
0.062950 11.784565 0.218869
0.073567 11.804627 0.215087
-0.084079 11.803036 0.204692
-0.073463 11.786006 0.207918
-0.062911 11.775241 0.209956
-0.052393 11.767851 0.211356
-0.041896 11.762901 0.212293
-0.031413 11.759380 0.212960
-0.020937 11.756867 0.213436
-0.010468 11.756197 0.213563
0.000000 11.757369 0.213341
0.010471 11.759548 0.212928
0.020949 11.763237 0.212230
0.031437 11.768270 0.211276
0.041939 11.774905 0.210020
0.052463 11.783734 0.208348
0.063039 11.799238 0.205412
-0.073590 11.804570 0.193702
-0.062998 11.789723 0.196527
-0.052455 11.779874 0.198402
-0.041940 11.773149 0.199681
-0.031442 11.768194 0.200624
-0.020956 11.765173 0.201199
-0.010478 11.764837 0.201263
0.000000 11.766096 0.201023
0.010481 11.768698 0.200528
0.020969 11.772813 0.199745
0.031469 11.778528 0.198658
0.041988 11.786606 0.197120
0.052541 11.799251 0.194714
-0.063154 11.817014 0.180620
-0.052551 11.799517 0.183965
-0.042005 11.789650 0.185852
-0.031487 11.783165 0.187091
-0.020984 11.779126 0.187864
-0.010490 11.776940 0.188282
0.000000 11.778033 0.188073
0.010494 11.781145 0.187478
0.020997 11.786196 0.186512
0.031515 11.793780 0.185062
0.042073 11.808555 0.182237
-0.042145 11.826775 0.168026
-0.031562 11.809246 0.171394
-0.021028 11.801809 0.172822
-0.010511 11.798432 0.173471
0.000000 11.798348 0.173487
0.010517 11.804935 0.172222
0.021062 11.821180 0.169101
