-0.042476 11.954847 0.338057
-0.031824 11.942418 0.340243
-0.021204 11.935869 0.341394
-0.010599 11.932510 0.341985
0.000000 11.934060 0.341712
0.010606 11.940004 0.340667
0.021235 11.953205 0.338346
-0.063679 11.946336 0.328778
-0.052995 11.930480 0.331581
-0.042363 11.921192 0.333222
-0.031756 11.915008 0.334315
-0.021164 11.911061 0.335012
-0.010581 11.909946 0.335210
0.000000 11.909946 0.335210
0.010583 11.912519 0.334755
0.021175 11.917498 0.333875
0.031784 11.925490 0.332462
0.042430 11.939954 0.329906
-0.074234 11.934992 0.320015
-0.063539 11.918132 0.323009
-0.052907 11.908604 0.324702
-0.042302 11.901919 0.325889
-0.031713 11.897038 0.326756
-0.021138 11.894470 0.327212
-0.010569 11.894214 0.327258
0.000000 11.894984 0.327121
0.010571 11.897038 0.326756
0.021148 11.900548 0.326133
0.031737 11.905775 0.325204
0.042344 11.913752 0.323787
0.052985 11.926298 0.321559
0.063722 11.952418 0.316919
-0.084835 11.932529 0.309682
-0.074107 11.912754 0.313213
-0.063463 11.901949 0.315142
-0.052852 11.894328 0.316502
-0.042261 11.888597 0.317525
-0.031685 11.884325 0.318288
-0.021120 11.882445 0.318624
-0.010560 11.882104 0.318685
0.000000 11.882958 0.318532
0.010562 11.884837 0.318197
0.021130 11.887999 0.317632
0.031706 11.892360 0.316854
0.042296 11.898437 0.315769
0.052912 11.907863 0.314086
0.063575 11.922891 0.311403
0.074348 11.951420 0.306310
-0.095494 11.937390 0.298037
-0.084700 11.911670 0.302652
-0.074036 11.899408 0.304852
-0.063413 11.890592 0.306434
-0.052814 11.883839 0.307645
-0.042232 11.878544 0.308595
-0.031664 11.874704 0.309284
-0.021105 11.872487 0.309682
-0.010552 11.872146 0.309743
0.000000 11.872828 0.309621
0.010555 11.874619 0.309300
0.021114 11.877435 0.308794
0.031682 11.881532 0.308059
0.042262 11.886915 0.307093
0.052862 11.894528 0.305727
0.063498 11.906608 0.303560
0.074189 11.923957 0.300447
-0.095337 11.915909 0.291129
-0.084628 11.899609 0.294068
-0.073986 11.889422 0.295905
-0.063375 11.881473 0.297339
-0.052783 11.874985 0.298509
-0.042209 11.870124 0.299386
-0.031647 11.866460 0.300046
-0.021094 11.864074 0.300477
-0.010547 11.863734 0.300538
0.000000 11.864415 0.300415
0.010549 11.865948 0.300139
0.021102 11.868590 0.299662
0.031663 11.872426 0.298970
0.042235 11.877375 0.298078
0.052826 11.884635 0.296769
0.063444 11.894470 0.294995
0.074107 11.908783 0.292414
0.084850 11.930790 0.288445
-0.106046 11.926950 0.278362
-0.095251 11.903238 0.282660
-0.084579 11.890733 0.284926
-0.073948 11.881243 0.286646
-0.063344 11.873816 0.287992
-0.052759 11.867676 0.289105
-0.042191 11.863076 0.289939
-0.031634 11.859585 0.290572
-0.021085 11.857288 0.290988
-0.010542 11.856947 0.291050
0.000000 11.857203 0.291003
0.010544 11.858734 0.290726
0.021092 11.861288 0.290263
0.031648 11.864865 0.289615
0.042215 11.869808 0.288719
0.052800 11.876803 0.287451
0.063406 11.885516 0.285872
0.074049 11.897582 0.283685
0.084753 11.915168 0.280498
-0.105951 11.914341 0.269880
-0.095203 11.895298 0.273349
-0.084541 11.883492 0.275499
-0.073918 11.874609 0.277117
-0.063321 11.867530 0.278406
-0.052742 11.861736 0.279462
-0.042178 11.857310 0.280268
-0.031625 11.854332 0.280810
-0.021080 11.852291 0.281182
-0.010539 11.851781 0.281275
0.000000 11.851951 0.281244
0.010541 11.853142 0.281027
0.021086 11.855523 0.280593
0.031638 11.859097 0.279942
0.042203 11.864462 0.278965
0.052783 11.871111 0.277754
0.063385 11.879476 0.276231
0.074015 11.890076 0.274300
0.084692 11.904726 0.271631
0.095523 11.935169 0.266086
-0.116846 11.943056 0.253853
-0.105908 11.907588 0.260345
-0.095175 11.889848 0.263593
-0.084515 11.877879 0.265783
-0.073898 11.869345 0.267346
-0.063304 11.862441 0.268609
-0.052728 11.856822 0.269638
-0.042167 11.852398 0.270448
-0.031618 11.849847 0.270914
-0.021076 11.848318 0.271194
-0.010538 11.847723 0.271303
0.000000 11.848063 0.271241
0.010539 11.849082 0.271054
0.021081 11.851038 0.270697
0.031632 11.854865 0.269996
0.042194 11.860141 0.269030
0.052772 11.866702 0.267829
0.063370 11.874805 0.266346
0.073995 11.884972 0.264485
0.084667 11.899268 0.261868
0.095451 11.924263 0.257293
-0.116756 11.931877 0.245109
-0.105886 11.903157 0.250392
-0.095160 11.885939 0.253559
-0.084498 11.873550 0.255838
-0.073883 11.865106 0.257391
-0.063292 11.858291 0.258645
-0.052719 11.852845 0.259647
-0.042161 11.848933 0.260366
-0.031615 11.846639 0.260788
-0.021074 11.845110 0.261070
-0.010537 11.844600 0.261163
0.000000 11.844855 0.261117
0.010538 11.845959 0.260913
0.021079 11.847913 0.260554
0.031629 11.851739 0.259850
0.042190 11.856844 0.258911
0.052767 11.863487 0.257689
0.063363 11.871502 0.256215
0.073984 11.881322 0.254408
0.084644 11.893985 0.252079
0.095417 11.918101 0.247643
-0.116743 11.928637 0.234914
-0.105879 11.900442 0.240126
-0.095155 11.883401 0.243276
-0.084496 11.871356 0.245502
-0.073883 11.863169 0.247016
-0.063292 11.856355 0.248275
-0.052720 11.850995 0.249266
-0.042161 11.846914 0.250021
-0.031614 11.844280 0.250508
-0.021073 11.842836 0.250774
-0.010536 11.842327 0.250869
0.000000 11.842582 0.250822
0.010537 11.843686 0.250617
0.021078 11.845640 0.250256
0.031627 11.849379 0.249565
0.042189 11.854653 0.248590
0.052764 11.861039 0.247410
0.063359 11.868967 0.245944
0.073981 11.878785 0.244129
0.084639 11.891359 0.241805
0.095410 11.915296 0.237380
-0.116779 11.930395 0.223793
-0.105890 11.899699 0.229495
-0.095163 11.882487 0.232692
-0.084507 11.870868 0.234850
-0.073892 11.862596 0.236387
-0.063299 11.855782 0.237653
-0.052725 11.850336 0.238664
-0.042165 11.846000 0.239470
-0.031615 11.842941 0.240038
-0.021074 11.841412 0.240322
-0.010537 11.840818 0.240432
0.000000 11.841158 0.240369
0.010538 11.842177 0.240180
0.021079 11.844130 0.239817
0.031629 11.848040 0.239091
0.042190 11.853143 0.238143
0.052767 11.859699 0.236925
0.063363 11.867711 0.235437
0.073985 11.877614 0.233597
0.084653 11.891387 0.231039
0.095426 11.915328 0.226591
-0.105918 11.900930 0.218493
-0.095182 11.882941 0.221851
-0.084527 11.871832 0.223925
-0.073907 11.863130 0.225549
-0.063312 11.856229 0.226837
-0.052735 11.850612 0.227886
-0.042172 11.846105 0.228727
-0.031620 11.842876 0.229330
-0.021077 11.840837 0.229710
-0.010538 11.840328 0.229805
0.000000 11.841007 0.229679
0.010539 11.841942 0.229504
0.021083 11.844236 0.229076
0.031635 11.848146 0.228346
0.042196 11.852824 0.227473
0.052774 11.859381 0.226249
0.063373 11.867565 0.224721
0.073998 11.877726 0.222824
0.084670 11.891929 0.220173
0.095469 11.918801 0.215157
-0.105984 11.906368 0.206696
-0.095226 11.886476 0.210428
-0.084555 11.873736 0.212817
-0.073930 11.864774 0.214498
-0.063329 11.857529 0.215857
-0.052750 11.851910 0.216911
-0.042183 11.847316 0.217773
-0.031628 11.843831 0.218427
-0.021082 11.841961 0.218777
-0.010540 11.841282 0.218905
0.000000 11.841792 0.218809
0.010542 11.843321 0.218522
0.021089 11.845786 0.218060
0.031643 11.849272 0.217406
0.042206 11.853782 0.216560
0.052786 11.860170 0.215362
0.063391 11.869125 0.213682
0.074027 11.880487 0.211551
0.084716 11.896414 0.208564
0.095562 11.928395 0.202565
-0.106119 11.919641 0.193410
-0.095286 11.891985 0.198622
-0.084595 11.877435 0.201365
-0.073960 11.867784 0.203184
-0.063354 11.860278 0.204598
-0.052768 11.854230 0.205738
-0.042198 11.849463 0.206637
-0.031639 11.846061 0.207278
-0.021089 11.843936 0.207679
-0.010544 11.843681 0.207727
0.000000 11.844276 0.207614
0.010546 11.845806 0.207326
0.021097 11.848357 0.206845
0.031655 11.851846 0.206188
0.042224 11.856700 0.205273
0.052808 11.863092 0.204068
0.063422 11.872906 0.202218
0.074073 11.885818 0.199785
0.084786 11.904337 0.196294
-0.095392 11.903251 0.185713
-0.084653 11.883705 0.189415
-0.074001 11.872419 0.191552
-0.063385 11.864053 0.193137
-0.052794 11.857915 0.194299
-0.042217 11.852974 0.195235
-0.031653 11.849229 0.195944
-0.021099 11.847443 0.196283
-0.010549 11.847102 0.196347
0.000000 11.847698 0.196234
0.010551 11.849484 0.195896
0.021107 11.852208 0.195380
0.031671 11.855955 0.194670
0.042245 11.860898 0.193734
0.052839 11.868235 0.192345
0.063465 11.879086 0.190290
0.074136 11.893984 0.187468
0.084908 11.919502 0.182636
-0.095605 11.927894 0.170235
-0.084750 11.895385 0.176421
-0.074056 11.879197 0.179501
-0.063427 11.869967 0.181258
-0.052825 11.863053 0.182573
-0.042241 11.857681 0.183596
-0.031672 11.854529 0.184195
-0.021111 11.852315 0.184617
-0.010555 11.852059 0.184665
0.000000 11.852655 0.184552
0.010557 11.854529 0.184195
0.021120 11.857341 0.183660
0.031690 11.861347 0.182898
0.042274 11.866978 0.181826
0.052881 11.875606 0.180185
0.063524 11.888185 0.177791
0.074228 11.906889 0.174232
-0.084924 11.917759 0.161357
-0.074149 11.892241 0.166236
-0.063489 11.879651 0.168644
-0.052872 11.871614 0.170180
-0.042276 11.865722 0.171307
-0.031696 11.861541 0.172106
-0.021127 11.859665 0.172465
-0.010563 11.858386 0.172709
0.000000 11.859153 0.172563
0.010565 11.861029 0.172204
0.021136 11.864356 0.171568
0.031716 11.868795 0.170719
0.042311 11.875375 0.169461
0.052937 11.886242 0.167383
0.063610 11.902366 0.164301
-0.074323 11.918136 0.150476
-0.063582 11.895014 0.154918
-0.052938 11.884556 0.156926
-0.042325 11.877367 0.158308
-0.031730 11.872408 0.159260
-0.021148 11.869076 0.159900
-0.010572 11.867282 0.160245
0.000000 11.867709 0.160163
0.010575 11.869930 0.159736
0.021156 11.873861 0.158981
0.031753 11.880789 0.157650
0.042372 11.890554 0.155774
0.053035 11.906263 0.152757
-0.053041 11.905778 0.142048
-0.042394 11.894871 0.144153
-0.031777 11.887925 0.145493
-0.021177 11.883641 0.146320
-0.010587 11.881415 0.146750
0.000000 11.882357 0.146568
0.010591 11.886211 0.145824
0.021193 11.892726 0.144567
0.031819 11.903715 0.142446
0.042514 11.928601 0.137643
-0.021230 11.911227 0.130185
-0.010612 11.908474 0.130719
0.000000 11.912432 0.129952
0.010627 11.924321 0.127646
