-0.010574 11.907624 0.367831
0.000000 11.906767 0.367980
-0.052871 11.906284 0.357332
-0.042227 11.886779 0.360743
-0.031645 11.877221 0.362415
-0.021089 11.873130 0.363131
-0.010542 11.870659 0.363563
0.000000 11.871596 0.363399
0.010546 11.874323 0.362922
0.021100 11.879353 0.362042
0.031672 11.887377 0.360639
-0.063333 11.883305 0.350636
-0.052720 11.870343 0.352915
-0.042145 11.861831 0.354412
-0.031594 11.856049 0.355428
-0.021057 11.852906 0.355981
-0.010528 11.852056 0.356130
0.000000 11.852736 0.356011
0.010530 11.854944 0.355623
0.021067 11.858769 0.354950
0.031615 11.864213 0.353993
0.042182 11.872217 0.352586
0.052792 11.886721 0.350036
-0.073854 11.875822 0.341240
-0.063235 11.862960 0.343513
-0.052655 11.853777 0.345136
-0.042100 11.846984 0.346337
-0.031561 11.841894 0.347236
-0.021035 11.838843 0.347775
-0.010517 11.837826 0.347955
0.000000 11.838419 0.347850
0.010519 11.840199 0.347536
0.021043 11.843251 0.346996
0.031577 11.847917 0.346172
0.042126 11.854287 0.345046
0.052699 11.863811 0.343363
0.063326 11.880088 0.340486
-0.084413 11.875080 0.330657
-0.073762 11.859154 0.333485
-0.063170 11.848957 0.335297
-0.052607 11.841066 0.336698
-0.042064 11.834964 0.337782
-0.031536 11.830476 0.338579
-0.021018 11.827261 0.339151
-0.010508 11.826246 0.339331
0.000000 11.826753 0.339241
0.010510 11.828276 0.338970
0.021025 11.831069 0.338474
0.031548 11.835134 0.337752
0.042084 11.840727 0.336759
0.052641 11.848787 0.335327
0.063229 11.859920 0.333349
0.073886 11.879090 0.329944
-0.095008 11.878604 0.319309
-0.084310 11.858667 0.322869
-0.073697 11.846770 0.324993
-0.063120 11.837694 0.326613
-0.052569 11.830579 0.327883
-0.042035 11.825079 0.328865
-0.031516 11.820936 0.329605
-0.021006 11.818739 0.329997
-0.010502 11.817810 0.330163
0.000000 11.817894 0.330148
0.010503 11.818908 0.329967
0.021011 11.821359 0.329529
0.031527 11.825248 0.328835
0.042055 11.830579 0.327883
0.052601 11.837949 0.326568
0.063172 11.847280 0.324902
0.073784 11.860708 0.322504
0.084492 11.884325 0.318288
-0.105798 11.902921 0.304221
-0.094894 11.862433 0.311486
-0.084243 11.847385 0.314186
-0.073647 11.836866 0.316074
-0.063081 11.828311 0.317609
-0.052539 11.822051 0.318732
-0.042013 11.816896 0.319657
-0.031501 11.813434 0.320278
-0.020997 11.811745 0.320581
-0.010498 11.810817 0.320748
0.000000 11.810902 0.320733
0.010499 11.811830 0.320566
0.021001 11.813771 0.320218
0.031511 11.817403 0.319566
0.042034 11.822812 0.318596
0.052574 11.829750 0.317351
0.063134 11.838307 0.315815
0.073725 11.849423 0.313821
0.084374 11.865754 0.310890
-0.105571 11.875497 0.298417
-0.094833 11.852844 0.302502
-0.084194 11.838580 0.305074
-0.073608 11.828667 0.306862
-0.063052 11.820969 0.308250
-0.052516 11.814800 0.309363
-0.041998 11.810578 0.310124
-0.031490 11.807457 0.310687
-0.020990 11.805770 0.310991
-0.010494 11.805011 0.311128
0.000000 11.805011 0.311128
0.010495 11.805938 0.310961
0.020994 11.807794 0.310626
0.031500 11.811254 0.310002
0.042019 11.816489 0.309058
0.052553 11.823083 0.307869
0.063106 11.831207 0.306404
0.073689 11.841549 0.304539
0.084311 11.854969 0.302119
0.095063 11.881644 0.297308
-0.105502 11.865802 0.289445
-0.094791 11.845728 0.293083
-0.084160 11.831818 0.295604
-0.073583 11.822592 0.297276
-0.063033 11.815491 0.298563
-0.052502 11.809833 0.299589
-0.041986 11.805362 0.300399
-0.031482 11.802495 0.300919
-0.020985 11.800809 0.301224
-0.010492 11.799967 0.301377
0.000000 11.800135 0.301346
0.010493 11.801062 0.301178
0.020988 11.802832 0.300857
0.031492 11.806290 0.300231
0.042007 11.811268 0.299329
0.052537 11.817688 0.298165
0.063086 11.825468 0.296755
0.073662 11.835293 0.294974
0.084274 11.847851 0.292698
0.094987 11.870234 0.288642
-0.105460 11.859182 0.279927
-0.094765 11.840485 0.283332
-0.084144 11.827601 0.285679
-0.073572 11.818972 0.287251
-0.063024 11.811959 0.288528
-0.052495 11.806303 0.289558
-0.041980 11.801834 0.290373
-0.031477 11.798968 0.290894
-0.020981 11.796778 0.291293
-0.010490 11.795936 0.291447
0.000000 11.796020 0.291432
0.010491 11.796946 0.291263
0.020985 11.798800 0.290925
0.031486 11.802171 0.290311
0.041999 11.807063 0.289420
0.052526 11.813225 0.288298
0.063072 11.820916 0.286897
0.073643 11.830396 0.285170
0.084250 11.842607 0.282946
0.094944 11.862929 0.279245
-0.105441 11.855035 0.269965
-0.094752 11.836941 0.273277
-0.084138 11.824910 0.275479
-0.073568 11.816367 0.277043
-0.063020 11.809271 0.278342
-0.052492 11.803786 0.279346
-0.041978 11.799402 0.280148
-0.031475 11.795948 0.280781
-0.020979 11.793590 0.281212
-0.010489 11.792832 0.281351
0.000000 11.793337 0.281258
0.010490 11.794179 0.281104
0.020983 11.796201 0.280734
0.031483 11.799234 0.280179
0.041994 11.803871 0.279330
0.052520 11.809862 0.278234
0.063064 11.817381 0.276857
0.073633 11.826857 0.275123
0.084237 11.838808 0.272935
0.094926 11.858694 0.269295
-0.105439 11.852845 0.259647
-0.094751 11.834840 0.262959
-0.084141 11.823403 0.265063
-0.073570 11.814776 0.266650
-0.063023 11.807850 0.267924
-0.052494 11.802282 0.268948
-0.041979 11.797729 0.269785
-0.031475 11.794360 0.270405
-0.020979 11.791834 0.270870
-0.010489 11.791160 0.270994
0.000000 11.791497 0.270932
0.010490 11.792844 0.270684
0.020985 11.794865 0.270312
0.031485 11.797814 0.269770
0.041994 11.801860 0.269026
0.052518 11.807597 0.267970
0.063062 11.815199 0.266572
0.073630 11.824503 0.264860
0.084237 11.836791 0.262600
0.094927 11.856844 0.258911
-0.105463 11.853632 0.248779
-0.094769 11.835198 0.252187
-0.084152 11.822996 0.254442
-0.073579 11.814284 0.256052
-0.063030 11.807273 0.257348
-0.052500 11.801620 0.258394
-0.041984 11.797068 0.259235
-0.031479 11.793613 0.259874
-0.020982 11.791340 0.260294
-0.010490 11.790751 0.260403
0.000000 11.791171 0.260325
0.010492 11.792350 0.260107
0.020987 11.794456 0.259718
0.031489 11.797573 0.259142
0.042000 11.801536 0.258409
0.052523 11.806683 0.257458
0.063068 11.814369 0.256037
0.073642 11.824435 0.254176
0.084256 11.837573 0.251747
0.094947 11.857462 0.248071
-0.105517 11.857740 0.237289
-0.094801 11.837253 0.241095
-0.084171 11.823775 0.243598
-0.073594 11.814722 0.245280
-0.063042 11.807541 0.246614
-0.052509 11.801802 0.247680
-0.041991 11.797164 0.248542
-0.031484 11.793709 0.249183
-0.020986 11.791604 0.249575
-0.010492 11.791183 0.249653
0.000000 11.791604 0.249575
0.010494 11.792951 0.249324
0.020992 11.795057 0.248933
0.031496 11.798091 0.248369
0.042009 11.802224 0.247602
0.052536 11.807879 0.246551
0.063085 11.815652 0.245107
0.073666 11.826316 0.243126
0.084287 11.839969 0.240590
0.094990 11.860891 0.236704
-0.105618 11.867224 0.224785
-0.094858 11.842451 0.229409
-0.084208 11.827010 0.232291
-0.073617 11.816513 0.234251
-0.063060 11.809075 0.235639
-0.052524 11.803081 0.236758
-0.042002 11.798273 0.237656
-0.031492 11.794732 0.238317
-0.020991 11.792963 0.238647
-0.010495 11.792542 0.238725
0.000000 11.792879 0.238663
0.010497 11.794311 0.238395
0.020998 11.796586 0.237970
0.031505 11.799706 0.237388
0.042022 11.803840 0.236616
0.052553 11.809666 0.235529
0.063110 11.818459 0.233888
0.073698 11.829553 0.231817
0.084334 11.844660 0.228997
0.095084 11.870637 0.224148
-0.094943 11.851144 0.217055
-0.084263 11.832793 0.220497
-0.073652 11.820252 0.222849
-0.063085 11.811709 0.224452
-0.052546 11.806133 0.225498
-0.042018 11.800900 0.226479
-0.031504 11.797442 0.227128
-0.020999 11.795334 0.227523
-0.010499 11.794828 0.227618
0.000000 11.795166 0.227555
0.010501 11.796599 0.227286
0.021006 11.798960 0.226843
0.031517 11.802250 0.226226
0.042039 11.806724 0.225387
0.052578 11.813315 0.224151
0.063143 11.822707 0.222389
0.073743 11.834914 0.220099
0.084400 11.851995 0.216895
-0.095075 11.865736 0.203570
-0.084341 11.841811 0.208079
-0.073707 11.827130 0.210846
-0.063125 11.817306 0.212698
-0.052575 11.810794 0.213925
-0.042042 11.805809 0.214865
-0.031522 11.802010 0.215581
-0.021010 11.799563 0.216042
-0.010504 11.798298 0.216280
0.000000 11.798804 0.216185
0.010506 11.800238 0.215915
0.021015 11.802516 0.215485
0.031533 11.806147 0.214801
0.042062 11.811386 0.213814
0.052610 11.818575 0.212458
0.063187 11.828995 0.210495
0.073805 11.842916 0.207871
0.084560 11.872565 0.202283
-0.084459 11.856466 0.194574
-0.073783 11.837329 0.198198
-0.063177 11.825198 0.200495
-0.052615 11.817829 0.201891
-0.042073 11.812500 0.202900
-0.031543 11.808273 0.203701
-0.021024 11.805485 0.204229
-0.010511 11.803880 0.204532
0.000000 11.803796 0.204548
0.010512 11.805654 0.204197
0.021029 11.808104 0.203733
0.031555 11.812584 0.202884
0.042095 11.818761 0.201714
0.052655 11.826893 0.200174
0.063252 11.839197 0.197844
0.073919 11.859193 0.194057
-0.073895 11.853422 0.184406
-0.063248 11.836498 0.187626
-0.052667 11.827504 0.189338
-0.042111 11.821232 0.190531
-0.031571 11.816660 0.191401
-0.021042 11.813445 0.192013
-0.010519 11.811753 0.192335
0.000000 11.811584 0.192367
0.010521 11.813783 0.191949
0.021049 11.817422 0.191257
0.031587 11.822588 0.190274
0.042142 11.829878 0.188886
0.052722 11.839896 0.186980
0.063352 11.855977 0.183920
-0.063388 11.860773 0.172253
-0.052745 11.843061 0.175640
-0.042162 11.833545 0.177459
-0.031606 11.827860 0.178546
-0.021064 11.824299 0.179227
-0.010531 11.822689 0.179535
0.000000 11.823367 0.179405
0.010534 11.825995 0.178903
0.021075 11.830490 0.178043
0.031631 11.837112 0.176777
0.042209 11.846888 0.174908
0.052831 11.862564 0.171911
-0.042278 11.864209 0.160835
-0.031670 11.849718 0.163619
-0.021100 11.842400 0.165025
-0.010547 11.839085 0.165662
0.000000 11.840530 0.165384
0.010552 11.844271 0.164665
0.021115 11.850825 0.163406
0.031704 11.862417 0.161179
