-0.031843 11.949492 0.338999
-0.021222 11.946126 0.339591
-0.010615 11.950269 0.338862
0.000000 11.964531 0.336355
-0.063655 11.941765 0.329586
-0.052994 11.930221 0.331626
-0.042369 11.922911 0.332918
-0.031765 11.918443 0.333708
-0.021173 11.916210 0.334102
-0.010586 11.916124 0.334118
0.000000 11.919474 0.333526
0.010595 11.926006 0.332371
0.021210 11.937196 0.330394
0.031888 11.964399 0.325586
-0.084937 11.948877 0.317548
-0.074177 11.925954 0.321620
-0.063524 11.915298 0.323513
-0.052904 11.907918 0.324824
-0.042305 11.902775 0.325737
-0.031722 11.900206 0.326194
-0.021146 11.899007 0.326407
-0.010574 11.899863 0.326254
0.000000 11.902090 0.325859
0.010579 11.905946 0.325174
0.021168 11.911435 0.324199
0.031775 11.920022 0.322674
0.042423 11.935939 0.319846
-0.095532 11.944167 0.307604
-0.084735 11.918508 0.312185
-0.074068 11.906406 0.314346
-0.063445 11.898522 0.315753
-0.052844 11.892531 0.316823
-0.042262 11.888854 0.317479
-0.031690 11.886546 0.317892
-0.021126 11.886204 0.317953
-0.010564 11.886888 0.317830
0.000000 11.889025 0.317449
0.010568 11.892189 0.316884
0.021145 11.896724 0.316074
0.031735 11.903148 0.314928
0.042351 11.913870 0.313013
0.053013 11.930635 0.310020
-0.106230 11.951544 0.295497
-0.095335 11.917509 0.301604
-0.084641 11.903264 0.304160
-0.074004 11.894185 0.305789
-0.063395 11.887172 0.307047
-0.052805 11.881789 0.308013
-0.042230 11.877861 0.308718
-0.031667 11.875899 0.309070
-0.021111 11.875387 0.309162
-0.010556 11.876240 0.309009
0.000000 11.878117 0.308672
0.010560 11.881105 0.308136
0.021128 11.885291 0.307385
0.031707 11.890763 0.306403
0.042305 11.899065 0.304913
0.052938 11.911841 0.302621
0.063631 11.931444 0.299103
-0.105982 11.921668 0.290090
-0.095236 11.903294 0.293404
-0.084578 11.892502 0.295350
-0.073954 11.884293 0.296831
-0.063356 11.877972 0.297970
-0.052774 11.872853 0.298894
-0.042206 11.869187 0.299555
-0.031648 11.866886 0.299970
-0.021098 11.866545 0.300031
-0.010550 11.867226 0.299908
0.000000 11.868931 0.299601
0.010554 11.871659 0.299109
0.021114 11.875497 0.298417
0.031685 11.880705 0.297478
0.042271 11.887541 0.296245
0.052888 11.898495 0.294269
0.063547 11.913762 0.291516
0.074292 11.938460 0.287062
-0.116720 11.934099 0.277067
-0.105864 11.906497 0.282069
-0.095174 11.893557 0.284415
-0.084530 11.883892 0.286166
-0.073916 11.876120 0.287575
-0.063325 11.870234 0.288642
-0.052750 11.865461 0.289507
-0.042187 11.861884 0.290155
-0.031635 11.859926 0.290510
-0.021088 11.858904 0.290695
-0.010545 11.859670 0.290556
0.000000 11.861117 0.290294
0.010548 11.863757 0.289815
0.021103 11.867421 0.289151
0.031669 11.872622 0.288209
0.042248 11.879194 0.287018
0.052852 11.888509 0.285329
0.063491 11.901352 0.283002
0.074190 11.920239 0.279579
-0.116592 11.919068 0.269019
-0.105806 11.898039 0.272849
-0.095128 11.885885 0.275063
-0.084493 11.876743 0.276728
-0.073886 11.869406 0.278065
-0.063300 11.863695 0.279105
-0.052730 11.859182 0.279927
-0.042172 11.855693 0.280562
-0.031625 11.854077 0.280857
-0.021082 11.853397 0.280981
-0.010541 11.853737 0.280919
0.000000 11.855098 0.280671
0.010544 11.857140 0.280299
0.021095 11.860885 0.279617
0.031657 11.866337 0.278624
0.042234 11.873159 0.277381
0.052830 11.881612 0.275842
0.063453 11.892302 0.273894
0.074128 11.908330 0.270975
0.084956 11.941811 0.264877
-0.116517 11.909391 0.260015
-0.105765 11.891474 0.263295
-0.095093 11.879587 0.265471
-0.084465 11.870880 0.267064
-0.073864 11.863889 0.268344
-0.063282 11.858354 0.269357
-0.052716 11.854014 0.270152
-0.042162 11.851123 0.270681
-0.031618 11.849677 0.270946
-0.021077 11.848997 0.271070
-0.010539 11.849337 0.271008
0.000000 11.850442 0.270806
0.010542 11.852398 0.270448
0.021091 11.856396 0.269716
0.031650 11.861589 0.268765
0.042224 11.868321 0.267533
0.052816 11.876513 0.266033
0.063434 11.886768 0.264156
0.074094 11.900811 0.261586
0.084869 11.927621 0.256678
-0.127388 11.933601 0.244792
-0.116486 11.904272 0.250187
-0.105741 11.886880 0.253386
-0.095070 11.874745 0.255618
-0.084447 11.866384 0.257156
-0.073849 11.859653 0.258394
-0.063270 11.854121 0.259412
-0.052706 11.849868 0.260194
-0.042157 11.847658 0.260601
-0.031614 11.846214 0.260867
-0.021075 11.845704 0.260960
-0.010538 11.845874 0.260929
0.000000 11.846979 0.260726
0.010540 11.849018 0.260351
0.021088 11.852760 0.259662
0.031645 11.858036 0.258692
0.042218 11.864680 0.257470
0.052808 11.872696 0.255995
0.063422 11.882605 0.254172
0.074072 11.895356 0.251827
0.084830 11.920166 0.247263
-0.127359 11.928895 0.234866
-0.116471 11.900871 0.240046
-0.105734 11.884085 0.243149
-0.095062 11.871868 0.245408
-0.084440 11.863510 0.246953
-0.073844 11.856866 0.248181
-0.063266 11.851505 0.249172
-0.052703 11.847339 0.249942
-0.042155 11.845130 0.250350
-0.031612 11.843686 0.250617
-0.021074 11.843176 0.250712
-0.010537 11.843346 0.250680
0.000000 11.844450 0.250476
0.010540 11.846319 0.250131
0.021086 11.850230 0.249408
0.031644 11.855419 0.248448
0.042214 11.861891 0.247252
0.052804 11.869905 0.245771
0.063417 11.879725 0.243955
0.074066 11.892472 0.241599
0.084816 11.916242 0.237205
-0.127371 11.928068 0.224225
-0.116476 11.899442 0.229542
-0.105737 11.882487 0.232692
-0.095071 11.870954 0.234834
-0.084447 11.862510 0.236403
-0.073850 11.855867 0.237637
-0.063270 11.850336 0.238664
-0.052706 11.846085 0.239454
-0.042155 11.843366 0.239959
-0.031612 11.841837 0.240243
-0.021074 11.841243 0.240354
-0.010537 11.841497 0.240306
0.000000 11.842601 0.240101
0.010540 11.844555 0.239738
0.021087 11.848465 0.239012
0.031644 11.853739 0.238032
0.042215 11.860210 0.236830
0.052805 11.868223 0.235342
0.063418 11.878042 0.233518
0.074075 11.891986 0.230927
0.084823 11.915242 0.226607
-0.127492 11.937503 0.211666
-0.116501 11.899986 0.218669
-0.105753 11.882428 0.221947
-0.095088 11.871149 0.224052
-0.084462 11.862619 0.225644
-0.073862 11.855804 0.226917
-0.063281 11.850357 0.227933
-0.052714 11.845935 0.228759
-0.042160 11.842706 0.229361
-0.031615 11.841007 0.229679
-0.021076 11.840328 0.229805
-0.010538 11.840668 0.229742
0.000000 11.842196 0.229457
0.010541 11.844066 0.229108
0.021089 11.847636 0.228441
0.031647 11.852995 0.227441
0.042220 11.859466 0.226233
0.052811 11.867650 0.224705
0.063427 11.877726 0.222824
0.074089 11.892271 0.220109
0.084852 11.917425 0.215414
-0.116549 11.903019 0.207325
-0.105793 11.884935 0.210717
-0.095117 11.872881 0.212978
-0.084485 11.863921 0.214658
-0.073881 11.856933 0.215969
-0.063296 11.851229 0.217039
-0.052727 11.846806 0.217869
-0.042169 11.843406 0.218506
-0.031622 11.841452 0.218873
-0.021080 11.840687 0.219016
-0.010540 11.841282 0.218905
0.000000 11.842726 0.218634
0.010544 11.845191 0.218172
0.021094 11.848592 0.217534
0.031654 11.853612 0.216592
0.042228 11.859915 0.215410
0.052822 11.868186 0.213858
0.063446 11.879290 0.211775
0.074117 11.894870 0.208853
0.084916 11.924431 0.203308
-0.116670 11.913360 0.194594
-0.105847 11.889072 0.199171
-0.095157 11.875897 0.201655
-0.084516 11.866418 0.203441
-0.073907 11.859170 0.204807
-0.063317 11.853208 0.205931
-0.052743 11.848613 0.206797
-0.042182 11.845041 0.207470
-0.031631 11.842916 0.207871
-0.021087 11.842661 0.207919
-0.010544 11.843256 0.207807
0.000000 11.844871 0.207502
0.010548 11.847422 0.207022
0.021102 11.850995 0.206348
0.031665 11.855507 0.205498
0.042243 11.862239 0.204229
0.052844 11.871284 0.202524
0.063480 11.883850 0.200156
0.074170 11.901418 0.196844
-0.105948 11.898444 0.186624
-0.095217 11.881481 0.189836
-0.084558 11.870369 0.191941
-0.073941 11.862689 0.193395
-0.063344 11.856466 0.194574
-0.052765 11.851527 0.195509
-0.042199 11.847953 0.196186
-0.031644 11.845997 0.196556
-0.021096 11.845742 0.196605
-0.010548 11.846337 0.196492
0.000000 11.848123 0.196154
0.010552 11.850761 0.195654
0.021111 11.854422 0.194961
0.031680 11.859363 0.194025
0.042265 11.866272 0.192717
0.052877 11.876692 0.190743
0.063528 11.890813 0.188069
0.074249 11.912188 0.184021
-0.106112 11.914886 0.172710
-0.095304 11.890327 0.177383
-0.084614 11.876204 0.180071
-0.073984 11.867661 0.181696
-0.063379 11.861006 0.182963
-0.052792 11.855722 0.183968
-0.042221 11.852059 0.184665
-0.031661 11.850271 0.185006
-0.021107 11.850101 0.185038
-0.010554 11.850782 0.184908
0.000000 11.852655 0.184552
0.010558 11.855381 0.184033
0.021123 11.859301 0.183287
0.031699 11.864674 0.182265
0.042295 11.872785 0.180721
0.052921 11.884674 0.178459
0.063597 11.901735 0.175212
-0.095454 11.907178 0.163381
-0.084703 11.886756 0.167285
-0.074044 11.875460 0.169445
-0.063427 11.867941 0.170882
-0.052831 11.862394 0.171943
-0.042250 11.858386 0.172709
-0.031682 11.856255 0.173117
-0.021121 11.855999 0.173166
-0.010561 11.856681 0.173035
0.000000 11.858556 0.172677
0.010565 11.861626 0.172090
0.021139 11.865978 0.171258
0.031725 11.872212 0.170066
0.042335 11.882047 0.168186
0.052984 11.896701 0.165384
-0.084852 11.905747 0.152856
-0.074139 11.888669 0.156136
-0.063498 11.879335 0.157930
-0.052885 11.872750 0.159194
-0.042292 11.868051 0.160097
-0.031711 11.864977 0.160688
-0.021138 11.863612 0.160950
-0.010570 11.864465 0.160786
0.000000 11.866514 0.160392
0.010575 11.870015 0.159720
0.021159 11.875400 0.158685
0.031762 11.884214 0.156992
0.042395 11.897159 0.154505
0.053134 11.928653 0.148455
-0.074301 11.912658 0.140720
-0.063600 11.896587 0.143822
-0.052960 11.887582 0.145560
-0.042346 11.881501 0.146733
-0.031750 11.877820 0.147444
-0.021163 11.875767 0.147840
-0.010582 11.875939 0.147807
0.000000 11.879361 0.147146
0.010590 11.884926 0.146072
0.021194 11.893412 0.144434
0.031831 11.907927 0.141633
-0.042432 11.903573 0.131670
-0.031808 11.897646 0.132819
-0.021202 11.895758 0.133185
-0.010603 11.898161 0.132719
0.000000 11.904089 0.131570
0.010620 11.916478 0.129167
