-0.063412 11.900203 0.358395
-0.052792 11.888487 0.360445
-0.042213 11.882852 0.361430
-0.031658 11.882083 0.361565
-0.021109 11.884217 0.361192
-0.010559 11.889171 0.360325
0.000000 11.903028 0.357901
-0.084482 11.888771 0.349675
-0.073835 11.874689 0.352151
-0.063249 11.867703 0.353379
-0.052681 11.861745 0.354427
-0.042139 11.860130 0.354711
-0.031605 11.860130 0.354711
-0.021072 11.861575 0.354457
-0.010539 11.864894 0.353873
0.000000 11.870172 0.352945
0.010551 11.878014 0.351566
0.021126 11.891763 0.349149
-0.094964 11.877016 0.341029
-0.084328 11.865087 0.343137
-0.073732 11.856326 0.344685
-0.063167 11.850210 0.345766
-0.052618 11.845626 0.346576
-0.042089 11.844099 0.346846
-0.031567 11.844099 0.346846
-0.021047 11.845457 0.346606
-0.010526 11.848257 0.346112
0.000000 11.852333 0.345391
0.010535 11.858196 0.344355
0.021085 11.866620 0.342866
0.031668 11.881966 0.340154
-0.105496 11.872863 0.331050
-0.094840 11.859580 0.333410
-0.084234 11.849976 0.335116
-0.073659 11.842677 0.336412
-0.063109 11.837421 0.337346
-0.052572 11.833355 0.338068
-0.042051 11.831323 0.338429
-0.031538 11.831408 0.338414
-0.021028 11.832593 0.338204
-0.010516 11.834879 0.337797
0.000000 11.838438 0.337165
0.010524 11.843610 0.336247
0.021059 11.850316 0.335055
0.031617 11.860856 0.333183
0.042219 11.878578 0.330035
-0.116067 11.873144 0.320284
-0.105376 11.857391 0.323097
-0.094752 11.846601 0.325023
-0.084165 11.838372 0.326492
-0.073604 11.831849 0.327657
-0.063063 11.826940 0.328533
-0.052536 11.823303 0.329182
-0.042023 11.821697 0.329469
-0.031517 11.821359 0.329529
-0.021013 11.822627 0.329303
-0.010508 11.823979 0.329062
0.000000 11.827363 0.328457
0.010515 11.832188 0.327596
0.021042 11.838542 0.326462
0.031586 11.847195 0.324917
0.042158 11.859602 0.322702
0.052791 11.880652 0.318944
-0.126740 11.882557 0.307875
-0.115944 11.858604 0.312173
-0.105289 11.845687 0.314491
-0.094683 11.836103 0.316211
-0.084109 11.828565 0.317563
-0.073558 11.822559 0.318641
-0.063027 11.818163 0.319430
-0.052510 11.815460 0.319915
-0.042003 11.814109 0.320157
-0.031502 11.813771 0.320218
-0.021002 11.814362 0.320112
-0.010502 11.815883 0.319839
0.000000 11.818586 0.319354
0.010509 11.823489 0.318474
0.021030 11.829835 0.317335
0.031566 11.837883 0.315891
0.042124 11.848065 0.314064
0.052720 11.862774 0.311425
0.063418 11.891618 0.306249
-0.126589 11.866460 0.300046
-0.115868 11.848935 0.303207
-0.105226 11.836715 0.305410
-0.094632 11.827736 0.307030
-0.084067 11.820630 0.308311
-0.073524 11.815138 0.309302
-0.063000 11.811169 0.310017
-0.052489 11.808891 0.310428
-0.041987 11.807710 0.310641
-0.031490 11.807457 0.310687
-0.020994 11.807963 0.310596
-0.010498 11.809481 0.310322
0.000000 11.812098 0.309850
0.010505 11.816743 0.309012
0.021020 11.822575 0.307960
0.031551 11.830276 0.306572
0.042101 11.839768 0.304860
0.052681 11.851909 0.302671
0.063322 11.871574 0.299124
-0.137384 11.885773 0.285825
-0.126512 11.857288 0.290988
-0.115805 11.840466 0.294037
-0.105176 11.829108 0.296095
-0.094593 11.820985 0.297568
-0.084037 11.814477 0.298747
-0.073498 11.809074 0.299726
-0.062981 11.805699 0.300338
-0.052474 11.803507 0.300735
-0.041975 11.802326 0.300949
-0.031481 11.802074 0.300995
-0.020988 11.802664 0.300888
-0.010495 11.804013 0.300644
0.000000 11.806627 0.300170
0.010501 11.811015 0.299374
0.021013 11.816758 0.298334
0.031540 11.824199 0.296985
0.042085 11.833089 0.295374
0.052657 11.844539 0.293299
0.063276 11.861032 0.290309
-0.137283 11.875121 0.277024
-0.126462 11.850676 0.281476
-0.115769 11.834887 0.284352
-0.105150 11.824216 0.286296
-0.094572 11.816436 0.287713
-0.084020 11.810270 0.288836
-0.073486 11.805207 0.289758
-0.062968 11.801412 0.290449
-0.052463 11.799137 0.290864
-0.041966 11.797957 0.291079
-0.031474 11.797705 0.291125
-0.020983 11.798126 0.291048
-0.010493 11.799558 0.290787
0.000000 11.802087 0.290326
0.010499 11.806388 0.289543
0.021008 11.812043 0.288513
0.031532 11.819225 0.287205
0.042073 11.827856 0.285633
0.052640 11.838873 0.283626
0.063249 11.854077 0.280857
0.074006 11.888708 0.274549
-0.137233 11.868833 0.267439
-0.126433 11.846024 0.271614
-0.115749 11.830922 0.274379
-0.105139 11.821102 0.276176
-0.094564 11.813494 0.277569
-0.084013 11.807330 0.278697
-0.073480 11.802269 0.279624
-0.062962 11.798391 0.280333
-0.052457 11.795864 0.280796
-0.041961 11.794432 0.281058
-0.031470 11.794179 0.281104
-0.020981 11.794685 0.281012
-0.010492 11.796538 0.280673
0.000000 11.798981 0.280225
0.010498 11.802859 0.279516
0.021005 11.808343 0.278512
0.031526 11.815353 0.277229
0.042065 11.823809 0.275681
0.052629 11.834397 0.273743
0.063234 11.849337 0.271008
0.073963 11.879844 0.265424
-0.137215 11.865361 0.257344
-0.126421 11.842986 0.261460
-0.115744 11.828483 0.264128
-0.105138 11.819088 0.265856
-0.094563 11.811397 0.267271
-0.084013 11.805318 0.268389
-0.073480 11.800342 0.269305
-0.062962 11.796381 0.270033
-0.052455 11.793433 0.270576
-0.041960 11.792254 0.270793
-0.031469 11.791749 0.270885
-0.020981 11.792591 0.270731
-0.010492 11.794275 0.270421
0.000000 11.796803 0.269956
0.010497 11.800427 0.269289
0.021004 11.805656 0.268327
0.031524 11.812495 0.267069
0.042062 11.820949 0.265514
0.052624 11.831449 0.263583
0.063229 11.846384 0.260835
0.073952 11.876197 0.255351
-0.137227 11.864447 0.246779
-0.126429 11.841817 0.250963
-0.115755 11.827654 0.253581
-0.105147 11.818174 0.255334
-0.094570 11.810398 0.256771
-0.084017 11.804066 0.257941
-0.073484 11.799091 0.258861
-0.062966 11.795214 0.259578
-0.052458 11.792266 0.260123
-0.041962 11.790919 0.260372
-0.031471 11.790919 0.260372
-0.020983 11.791845 0.260201
-0.010493 11.793445 0.259905
0.000000 11.796056 0.259422
0.010498 11.799681 0.258752
0.021004 11.804151 0.257926
0.031525 11.810820 0.256693
0.042065 11.819781 0.255036
0.052629 11.830704 0.253017
0.063240 11.846489 0.250099
0.073965 11.876222 0.244603
-0.137299 11.868735 0.235247
-0.126469 11.843621 0.239912
-0.115777 11.828010 0.242812
-0.105165 11.818189 0.244636
-0.094586 11.810412 0.246081
-0.084029 11.803827 0.247304
-0.073495 11.798850 0.248228
-0.062975 11.795057 0.248933
-0.052466 11.792025 0.249496
-0.041969 11.790930 0.249700
-0.031477 11.790930 0.249700
-0.020986 11.791856 0.249528
-0.010495 11.793625 0.249199
0.000000 11.796237 0.248714
0.010500 11.799778 0.248056
0.021009 11.804502 0.247179
0.031530 11.811004 0.245971
0.042073 11.820220 0.244259
0.052644 11.831994 0.242072
0.063257 11.847870 0.239122
0.074014 11.882145 0.232756
-0.137472 11.881743 0.222074
-0.126543 11.848571 0.228267
-0.115827 11.831164 0.231516
-0.105194 11.819559 0.233682
-0.094609 11.811356 0.235213
-0.084051 11.804937 0.236412
-0.073513 11.799790 0.237372
-0.062989 11.795659 0.238144
-0.052479 11.792963 0.238647
-0.041979 11.791868 0.238851
-0.031484 11.791868 0.238851
-0.020991 11.792879 0.238663
-0.010497 11.794564 0.238348
0.000000 11.797177 0.237860
0.010503 11.800887 0.237168
0.021014 11.805697 0.236270
0.031540 11.812793 0.234945
0.042088 11.822522 0.233129
0.052666 11.834980 0.230804
0.063291 11.852314 0.227568
-0.126659 11.857529 0.215857
-0.115901 11.836781 0.219749
-0.105241 11.822961 0.222341
-0.094642 11.813569 0.224103
-0.084079 11.806893 0.225355
-0.073535 11.801491 0.226369
-0.063009 11.797526 0.227112
-0.052495 11.794660 0.227650
-0.041992 11.793733 0.227824
-0.031494 11.793733 0.227824
-0.020998 11.794660 0.227650
-0.010501 11.796514 0.227302
0.000000 11.799213 0.226796
0.010506 11.803094 0.226068
0.021022 11.808245 0.225102
0.031554 11.816191 0.223611
0.042109 11.826519 0.221674
0.052697 11.840178 0.219112
0.063346 11.860596 0.215282
-0.126860 11.874444 0.201928
-0.116008 11.845806 0.207326
-0.105316 11.829419 0.210415
-0.094698 11.818660 0.212442
-0.084120 11.810794 0.213925
-0.073571 11.805387 0.214944
-0.063039 11.801250 0.215724
-0.052520 11.798298 0.216280
-0.042010 11.796695 0.216582
-0.031507 11.796695 0.216582
-0.021007 11.797623 0.216408
-0.010505 11.799563 0.216042
0.000000 11.802432 0.215501
0.010511 11.806485 0.214737
0.021033 11.812231 0.213654
0.031572 11.821030 0.211996
0.042137 11.832387 0.209855
0.052740 11.847932 0.206925
-0.116165 11.859875 0.193928
-0.105419 11.839027 0.197876
-0.094768 11.825452 0.200447
-0.084180 11.817322 0.201987
-0.073620 11.811316 0.203124
-0.063079 11.806837 0.203973
-0.052552 11.803712 0.204564
-0.042035 11.801685 0.204948
-0.031524 11.800841 0.205108
-0.021018 11.801854 0.204916
-0.010511 11.803880 0.204532
0.000000 11.807428 0.203861
0.010518 11.811908 0.203012
0.021047 11.818591 0.201746
0.031596 11.827910 0.199982
0.042174 11.840981 0.197506
0.052833 11.866869 0.192603
-0.105573 11.854444 0.184212
-0.094872 11.836498 0.187626
-0.084256 11.826062 0.189612
-0.073683 11.819369 0.190886
-0.063129 11.814291 0.191852
-0.052592 11.810739 0.192528
-0.042066 11.808541 0.192947
-0.031547 11.807527 0.193140
-0.021033 11.808372 0.192979
-0.010519 11.811077 0.192464
0.000000 11.815222 0.191675
0.010528 11.821063 0.190564
0.021069 11.828860 0.189080
0.031632 11.839641 0.187028
0.042247 11.859301 0.183287
-0.095037 11.855062 0.173345
-0.084364 11.839151 0.176387
-0.073763 11.830320 0.178076
-0.063194 11.824469 0.179194
-0.052643 11.820317 0.179988
-0.042105 11.817692 0.180490
-0.031577 11.816930 0.180636
-0.021054 11.818708 0.180296
-0.010530 11.821842 0.179697
0.000000 11.826843 0.178740
0.010541 11.833970 0.177378
0.021099 11.843911 0.175477
0.031694 11.860859 0.172237
-0.084705 11.885070 0.156828
-0.073908 11.851591 0.163259
-0.063291 11.840615 0.165368
-0.052713 11.833988 0.166641
-0.042159 11.830847 0.167244
-0.031620 11.830932 0.167228
-0.021084 11.833139 0.166804
-0.010545 11.837131 0.166037
0.000000 11.843931 0.164731
0.010561 11.854573 0.162686
-0.052894 11.872775 0.148418
-0.042269 11.859795 0.150923
-0.031690 11.855532 0.151746
-0.021131 11.857919 0.151285
-0.010574 11.867477 0.149440
