-0.031845 11.950269 0.338862
-0.021215 11.941642 0.340379
-0.010603 11.937333 0.341137
0.000000 11.937936 0.341031
0.010609 11.943797 0.340000
0.021244 11.958304 0.337450
-0.053027 11.937627 0.330318
-0.042382 11.926436 0.332295
-0.031767 11.919044 0.333602
-0.021170 11.914579 0.334391
-0.010583 11.911833 0.334876
0.000000 11.911747 0.334891
0.010584 11.913807 0.334527
0.021176 11.918271 0.333738
0.031786 11.926350 0.332311
0.042431 11.940299 0.329845
-0.074316 11.948273 0.317656
-0.063571 11.924148 0.321941
-0.052927 11.913152 0.323894
-0.042314 11.905518 0.325250
-0.031722 11.900206 0.326194
-0.021143 11.897551 0.326665
-0.010570 11.895840 0.326969
0.000000 11.896353 0.326878
0.010572 11.898236 0.326543
0.021150 11.901319 0.325996
0.031738 11.906204 0.325128
0.042340 11.912808 0.323955
0.052980 11.925094 0.321773
0.063697 11.947755 0.317748
-0.084930 11.945979 0.307281
-0.074144 11.918594 0.312170
-0.063484 11.905891 0.314438
-0.052866 11.897580 0.315922
-0.042271 11.891334 0.317037
-0.031691 11.886631 0.317876
-0.021123 11.884154 0.318319
-0.010561 11.883556 0.318425
0.000000 11.883983 0.318349
0.010563 11.885777 0.318029
0.021130 11.888512 0.317541
0.031707 11.892617 0.316808
0.042296 11.898351 0.315784
0.052908 11.906834 0.314269
0.063564 11.920828 0.311771
0.074304 11.944339 0.307574
-0.084752 11.918884 0.301357
-0.074062 11.903435 0.304129
-0.063431 11.893928 0.305835
-0.052826 11.886573 0.307155
-0.042241 11.880935 0.308166
-0.031670 11.876752 0.308917
-0.021108 11.873851 0.309437
-0.010554 11.873425 0.309514
0.000000 11.873766 0.309453
0.010555 11.875301 0.309177
0.021115 11.877861 0.308718
0.031682 11.881532 0.308059
0.042262 11.886744 0.307124
0.052860 11.894100 0.305804
0.063489 11.904807 0.303883
0.074171 11.921033 0.300971
-0.095407 11.924678 0.289547
-0.084660 11.904065 0.293265
-0.074008 11.892930 0.295273
-0.063390 11.884464 0.296800
-0.052795 11.877716 0.298016
-0.042217 11.872341 0.298986
-0.031652 11.868249 0.299724
-0.021097 11.865863 0.300154
-0.010548 11.864756 0.300354
0.000000 11.865097 0.300292
0.010549 11.866460 0.300046
0.021103 11.868931 0.299601
0.031663 11.872341 0.298986
0.042234 11.877119 0.298124
0.052820 11.883267 0.297015
0.063435 11.892844 0.295288
0.074091 11.906209 0.292878
0.084816 11.926055 0.289299
-0.106176 11.941602 0.275707
-0.095298 11.909071 0.281603
-0.084607 11.894670 0.284213
-0.073967 11.884405 0.286073
-0.063358 11.876462 0.287513
-0.052770 11.870063 0.288673
-0.042198 11.865120 0.289568
-0.031639 11.861288 0.290263
-0.021087 11.858479 0.290772
-0.010543 11.858053 0.290849
0.000000 11.857798 0.290895
0.010544 11.859075 0.290664
0.021093 11.861373 0.290248
0.031648 11.864694 0.289646
0.042215 11.869722 0.288734
0.052795 11.875779 0.287637
0.063398 11.883892 0.286166
0.074035 11.895270 0.284104
0.084728 11.911733 0.281120
0.095559 11.941688 0.275691
-0.106037 11.924057 0.268110
-0.095244 11.900353 0.272428
-0.084566 11.886997 0.274861
-0.073936 11.877512 0.276588
-0.063333 11.869832 0.277987
-0.052751 11.863866 0.279074
-0.042184 11.859012 0.279958
-0.031628 11.855268 0.280640
-0.021081 11.853227 0.281012
-0.010540 11.852462 0.281151
0.000000 11.852376 0.281167
0.010541 11.853312 0.280996
0.021086 11.855778 0.280547
0.031637 11.858586 0.280035
0.042200 11.863695 0.279105
0.052778 11.870003 0.277956
0.063376 11.877939 0.276511
0.074001 11.887852 0.274705
0.084669 11.901382 0.272241
0.095447 11.925692 0.267813
-0.105967 11.914201 0.259135
-0.095212 11.894385 0.262762
-0.084538 11.881125 0.265189
-0.073914 11.871904 0.266877
-0.063316 11.864656 0.268204
-0.052737 11.858694 0.269295
-0.042173 11.854014 0.270152
-0.031621 11.850782 0.270743
-0.021078 11.849082 0.271054
-0.010538 11.848233 0.271210
0.000000 11.848318 0.271194
0.010539 11.849252 0.271023
0.021081 11.850867 0.270728
0.031630 11.854269 0.270105
0.042191 11.859205 0.269202
0.052767 11.865423 0.268063
0.063361 11.873184 0.266643
0.073980 11.882578 0.264923
0.084637 11.895070 0.262637
0.095390 11.916607 0.258694
-0.105939 11.909079 0.249303
-0.095192 11.890046 0.252803
-0.084521 11.876794 0.255241
-0.073899 11.867578 0.256937
-0.063304 11.860420 0.258253
-0.052727 11.854631 0.259318
-0.042168 11.850804 0.260022
-0.031617 11.847489 0.260632
-0.021075 11.845789 0.260945
-0.010537 11.845025 0.261085
0.000000 11.845110 0.261070
0.010538 11.845959 0.260913
0.021078 11.847658 0.260601
0.031627 11.850974 0.259991
0.042186 11.855823 0.259099
0.052760 11.862038 0.257956
0.063352 11.869540 0.256576
0.073970 11.879015 0.254833
0.084622 11.890902 0.252646
0.095359 11.910882 0.248971
-0.105930 11.906190 0.239063
-0.095187 11.887421 0.242533
-0.084519 11.874600 0.244903
-0.073896 11.865215 0.246638
-0.063302 11.858143 0.247945
-0.052726 11.852526 0.248983
-0.042165 11.847934 0.249832
-0.031616 11.845130 0.250350
-0.021074 11.843431 0.250665
-0.010537 11.842666 0.250806
0.000000 11.842666 0.250806
0.010537 11.843601 0.250633
0.021078 11.845300 0.250319
0.031625 11.848529 0.249722
0.042184 11.853377 0.248826
0.052758 11.859591 0.247677
0.063349 11.867090 0.246291
0.073966 11.876393 0.244571
0.084616 11.888191 0.242390
0.095351 11.907907 0.238746
-0.105939 11.905191 0.228475
-0.095194 11.886336 0.231977
-0.084525 11.873429 0.234375
-0.073904 11.864556 0.236023
-0.063308 11.857399 0.237352
-0.052731 11.851697 0.238412
-0.042168 11.847020 0.239280
-0.031619 11.844130 0.239817
-0.021075 11.841837 0.240243
-0.010537 11.841073 0.240385
0.000000 11.841158 0.240369
0.010538 11.842007 0.240212
0.021078 11.843791 0.239880
0.031626 11.846935 0.239296
0.042186 11.851952 0.238364
0.052759 11.857995 0.237242
0.063352 11.865665 0.235817
0.073968 11.874881 0.234105
0.084622 11.887021 0.231850
0.095361 11.907251 0.228092
-0.105968 11.906509 0.217452
-0.095212 11.886620 0.221164
-0.084544 11.874138 0.223494
-0.073919 11.865091 0.225183
-0.063320 11.857677 0.226567
-0.052740 11.851718 0.227679
-0.042175 11.847040 0.228552
-0.031622 11.843471 0.229219
-0.021077 11.841177 0.229647
-0.010538 11.840328 0.229805
0.000000 11.840328 0.229805
0.010539 11.841687 0.229552
0.021081 11.843471 0.229219
0.031631 11.846785 0.228600
0.042191 11.851378 0.227743
0.052766 11.857592 0.226583
0.063360 11.865262 0.225151
0.073981 11.874906 0.223351
0.084637 11.887305 0.221036
0.095393 11.909257 0.216939
-0.106040 11.912641 0.205520
-0.095252 11.889729 0.209817
-0.084572 11.876128 0.212369
-0.073940 11.866480 0.214178
-0.063338 11.859063 0.215570
-0.052755 11.853101 0.216688
-0.042186 11.848167 0.217613
-0.031630 11.844511 0.218299
-0.021082 11.841876 0.218793
-0.010540 11.840942 0.218969
0.000000 11.841282 0.218905
0.010542 11.842641 0.218650
0.021087 11.844851 0.218235
0.031639 11.847996 0.217645
0.042201 11.852250 0.216847
0.052778 11.858211 0.215729
0.063375 11.866053 0.214258
0.074004 11.876726 0.212256
0.084680 11.891357 0.209512
0.095454 11.914962 0.205084
-0.106216 11.930499 0.191363
-0.095319 11.896099 0.197847
-0.084611 11.879658 0.200946
-0.073971 11.869491 0.202862
-0.063362 11.861642 0.204341
-0.052773 11.855337 0.205530
-0.042201 11.850314 0.206476
-0.031640 11.846486 0.207198
-0.021090 11.844276 0.207614
-0.010544 11.843256 0.207807
0.000000 11.843596 0.207743
0.010546 11.845041 0.207470
0.021095 11.847167 0.207070
0.031651 11.850484 0.206444
0.042218 11.854996 0.205594
0.052797 11.860619 0.204534
0.063404 11.869491 0.202862
0.074045 11.881369 0.200623
0.084739 11.897643 0.197556
0.095610 11.932483 0.190989
-0.095434 11.908491 0.184721
-0.084674 11.886616 0.188864
-0.074011 11.873957 0.191261
-0.063393 11.865504 0.192862
-0.052797 11.858767 0.194138
-0.042219 11.853485 0.195138
-0.031654 11.849570 0.195880
-0.021098 11.847102 0.196347
-0.010549 11.846592 0.196444
0.000000 11.847017 0.196363
0.010550 11.848548 0.196073
0.021105 11.850931 0.195622
0.031666 11.854252 0.194993
0.042238 11.858937 0.194106
0.052827 11.865504 0.192862
0.063444 11.875153 0.191035
0.074101 11.888414 0.188523
0.084830 11.908491 0.184721
-0.084774 11.898731 0.175784
-0.074068 11.881250 0.179111
-0.063433 11.871077 0.181047
-0.052829 11.863906 0.182411
-0.042243 11.858278 0.183482
-0.031671 11.853933 0.184309
-0.021110 11.851804 0.184714
-0.010555 11.851293 0.184811
0.000000 11.851719 0.184730
0.010556 11.853251 0.184439
0.021117 11.855807 0.183952
0.031685 11.859471 0.183255
0.042265 11.864418 0.182314
0.052865 11.871931 0.180884
0.063499 11.883390 0.178703
0.074181 11.899332 0.175670
-0.084972 11.924479 0.160073
-0.074165 11.894728 0.165761
-0.063494 11.880506 0.168480
-0.052874 11.872041 0.170099
-0.042277 11.865807 0.171291
-0.031695 11.861285 0.172155
-0.021126 11.858642 0.172661
-0.010562 11.857448 0.172889
0.000000 11.857960 0.172791
0.010564 11.859579 0.172481
0.021132 11.862309 0.171959
0.031709 11.866490 0.171160
0.042299 11.872041 0.170099
0.052916 11.881448 0.168300
0.063573 11.895414 0.165630
0.074360 11.926117 0.159759
-0.074357 11.923564 0.149433
-0.063595 11.897588 0.154423
-0.052939 11.884813 0.156877
-0.042324 11.877196 0.158340
-0.031729 11.871895 0.159359
-0.021146 11.868222 0.160064
-0.010571 11.866172 0.160458
0.000000 11.866258 0.160442
0.010573 11.867965 0.160114
0.021152 11.871297 0.159474
0.031742 11.876939 0.158390
0.042353 11.885327 0.156778
0.052999 11.898189 0.154308
0.063747 11.925892 0.148986
-0.053041 11.905692 0.142064
-0.042392 11.894184 0.144285
-0.031774 11.886896 0.145692
-0.021175 11.882357 0.146568
-0.010585 11.879703 0.147080
0.000000 11.879190 0.147179
0.010587 11.882442 0.146552
0.021185 11.887925 0.145493
0.031800 11.896673 0.143805
0.042454 11.911798 0.140886
-0.021222 11.906926 0.131019
-0.010607 11.902886 0.131803
0.000000 11.904948 0.131403
0.010615 11.911915 0.130052
0.021270 11.934075 0.125755
