-0.042139 11.865674 0.385823
-0.084111 11.840310 0.379545
-0.073533 11.829982 0.381342
-0.062998 11.824403 0.382313
-0.052492 11.823051 0.382548
-0.041996 11.823727 0.382431
-0.031505 11.826600 0.381930
-0.021013 11.831843 0.381018
-0.010514 11.841072 0.379412
0.000000 11.859064 0.376281
-0.105154 11.840160 0.368898
-0.094519 11.825180 0.371518
-0.083948 11.815468 0.373217
-0.073412 11.808721 0.374398
-0.062900 11.804003 0.375223
-0.052409 11.802403 0.375503
-0.041929 11.802908 0.375414
-0.031453 11.805014 0.375046
-0.020975 11.808721 0.374398
-0.010492 11.814287 0.373424
0.000000 11.822645 0.371962
0.010511 11.835416 0.369728
-0.115606 11.831710 0.359708
-0.104963 11.816749 0.362338
-0.094384 11.806375 0.364162
-0.083843 11.798796 0.365495
-0.073328 11.793244 0.366471
-0.062835 11.789966 0.367047
-0.052357 11.788789 0.367254
-0.041886 11.788705 0.367269
-0.031417 11.789798 0.367077
-0.020949 11.792235 0.366648
-0.010479 11.796861 0.365835
0.000000 11.804016 0.364577
0.010493 11.812868 0.363021
0.021011 11.827142 0.360511
-0.126106 11.828936 0.349526
-0.115433 11.812123 0.352497
-0.104838 11.800745 0.354508
-0.094286 11.792247 0.356010
-0.083764 11.785692 0.357168
-0.073266 11.781326 0.357940
-0.062788 11.779228 0.358311
-0.052318 11.778054 0.358518
-0.041855 11.778054 0.358518
-0.031394 11.779061 0.358340
-0.020933 11.781074 0.357984
-0.010470 11.784936 0.357302
0.000000 11.791238 0.356188
0.010482 11.799229 0.354776
0.020984 11.809846 0.352900
0.031517 11.825299 0.350169
-0.136681 11.832678 0.338188
-0.125939 11.811294 0.341987
-0.115315 11.798063 0.344337
-0.104745 11.788391 0.346055
-0.094211 11.780916 0.347383
-0.083709 11.776050 0.348247
-0.073221 11.772194 0.348932
-0.062750 11.770183 0.349289
-0.052288 11.769261 0.349453
-0.041830 11.769177 0.349468
-0.031374 11.769931 0.349334
-0.020920 11.771942 0.348977
-0.010463 11.775463 0.348351
0.000000 11.781168 0.347338
0.010475 11.788475 0.346040
0.020966 11.797811 0.344382
0.031482 11.810113 0.342197
0.042044 11.829376 0.338775
-0.136519 11.816796 0.330344
-0.125833 11.799423 0.333446
-0.115236 11.788066 0.335473
-0.104681 11.779247 0.337048
-0.094162 11.772872 0.338186
-0.083664 11.767845 0.339083
-0.073184 11.764328 0.339711
-0.062719 11.762486 0.340040
-0.052262 11.761482 0.340219
-0.041809 11.761482 0.340219
-0.031359 11.762319 0.340070
-0.020909 11.764160 0.339741
-0.010458 11.767593 0.339128
0.000000 11.772872 0.338186
0.010469 11.779667 0.336973
0.020952 11.788066 0.335473
0.031457 11.799086 0.333506
0.041996 11.813925 0.330857
0.052642 11.847110 0.324932
-0.147229 11.831613 0.317016
-0.136417 11.806009 0.321611
-0.125758 11.790515 0.324391
-0.115180 11.780432 0.326200
-0.104641 11.772797 0.327570
-0.094129 11.766763 0.328653
-0.083636 11.761991 0.329509
-0.073158 11.758226 0.330184
-0.062695 11.755968 0.330590
-0.052241 11.754965 0.330770
-0.041793 11.755049 0.330755
-0.031347 11.755801 0.330620
-0.020902 11.757891 0.330244
-0.010453 11.760819 0.329719
0.000000 11.766009 0.328788
0.010464 11.772462 0.327630
0.020942 11.780432 0.326200
0.031440 11.790515 0.324391
0.041966 11.803733 0.322019
0.052559 11.826534 0.317928
-0.147108 11.819954 0.308433
-0.136347 11.798017 0.312389
-0.125711 11.784137 0.314892
-0.115144 11.774902 0.316558
-0.104611 11.767525 0.317888
-0.094104 11.761746 0.318930
-0.083614 11.756977 0.319790
-0.073140 11.753466 0.320423
-0.062677 11.750708 0.320921
-0.052227 11.749873 0.321071
-0.041782 11.749956 0.321056
-0.031340 11.751209 0.320830
-0.020897 11.753131 0.320484
-0.010451 11.756057 0.319956
0.000000 11.760324 0.319187
0.010460 11.766519 0.318069
0.020934 11.774147 0.316694
0.031427 11.783801 0.314953
0.041946 11.795996 0.312754
0.052520 11.815645 0.309210
-0.147034 11.812028 0.299191
-0.136301 11.792136 0.302796
-0.125682 11.779527 0.305081
-0.115122 11.770717 0.306678
-0.104593 11.763511 0.307984
-0.094088 11.757820 0.309016
-0.083600 11.753136 0.309864
-0.073128 11.749543 0.310516
-0.062668 11.747037 0.310970
-0.052220 11.746286 0.311106
-0.041777 11.746620 0.311045
-0.031335 11.747538 0.310879
-0.020894 11.749627 0.310500
-0.010450 11.752551 0.309970
0.000000 11.756314 0.309288
0.010458 11.761669 0.308318
0.020928 11.769040 0.306982
0.031417 11.778352 0.305294
0.041931 11.790032 0.303177
0.052497 11.808736 0.299787
-0.146995 11.806978 0.289436
-0.136275 11.787941 0.292903
-0.125668 11.776262 0.295030
-0.115109 11.767456 0.296634
-0.104582 11.760420 0.297916
-0.094078 11.754730 0.298952
-0.083593 11.750133 0.299790
-0.073121 11.746540 0.300444
-0.062662 11.744119 0.300885
-0.052217 11.743702 0.300961
-0.041774 11.743952 0.300915
-0.031333 11.744954 0.300733
-0.020892 11.746958 0.300368
-0.010449 11.749882 0.299835
0.000000 11.753727 0.299135
0.010457 11.758495 0.298266
0.020926 11.765528 0.296985
0.031413 11.774919 0.295275
0.041927 11.786763 0.293118
0.052486 11.804195 0.289943
-0.147002 11.805642 0.279006
-0.136277 11.786185 0.282568
-0.125665 11.774089 0.284782
-0.115107 11.765284 0.286394
-0.104580 11.758250 0.287681
-0.094076 11.752561 0.288722
-0.083591 11.748048 0.289549
-0.073121 11.744540 0.290191
-0.062664 11.742453 0.290573
-0.052217 11.741869 0.290680
-0.041775 11.742203 0.290619
-0.031334 11.743288 0.290420
-0.020893 11.745292 0.290053
-0.010449 11.748132 0.289533
0.000000 11.751892 0.288845
0.010457 11.756743 0.287957
0.020926 11.764111 0.286608
0.031415 11.773585 0.284874
0.041928 11.785345 0.282722
0.052484 11.801931 0.279685
0.063222 11.847128 0.271412
-0.147029 11.805909 0.268281
-0.136307 11.786869 0.271783
-0.125679 11.773510 0.274241
-0.115115 11.764202 0.275953
-0.104587 11.757167 0.277247
-0.094082 11.751312 0.278324
-0.083596 11.746799 0.279154
-0.073124 11.743208 0.279815
-0.062669 11.741455 0.280137
-0.052221 11.740870 0.280245
-0.041778 11.741288 0.280168
-0.031337 11.742373 0.279968
-0.020895 11.744293 0.279615
-0.010450 11.747217 0.279077
0.000000 11.751061 0.278370
0.010458 11.756331 0.277401
0.020929 11.763699 0.276045
0.031419 11.773342 0.274271
0.041935 11.785355 0.272062
0.052497 11.802956 0.268824
-0.147107 11.810229 0.256802
-0.136358 11.789320 0.260667
-0.125720 11.775365 0.263247
-0.115136 11.764460 0.265263
-0.104602 11.756922 0.266656
-0.094099 11.751484 0.267662
-0.083611 11.746970 0.268496
-0.073139 11.743712 0.269098
-0.062681 11.741792 0.269453
-0.052230 11.740874 0.269623
-0.041785 11.741207 0.269561
-0.031342 11.742293 0.269361
-0.020898 11.744213 0.269006
-0.010451 11.747054 0.268480
0.000000 11.751066 0.267739
0.010460 11.756587 0.266718
0.020934 11.764460 0.265263
0.031427 11.774358 0.263433
0.041948 11.786963 0.261103
0.052512 11.804404 0.257879
-0.147237 11.818697 0.244542
-0.136437 11.794215 0.249090
-0.125774 11.778566 0.251997
-0.115181 11.767150 0.254117
-0.104637 11.758854 0.255658
-0.094127 11.753162 0.256716
-0.083637 11.748730 0.257539
-0.073162 11.745387 0.258160
-0.062698 11.743048 0.258594
-0.052244 11.742129 0.258765
-0.041794 11.741878 0.258812
-0.031349 11.743048 0.258594
-0.020903 11.745052 0.258222
-0.010454 11.748144 0.257648
0.000000 11.751991 0.256933
0.010463 11.758267 0.255767
0.020941 11.766479 0.254242
0.031439 11.776802 0.252324
0.041966 11.790257 0.249825
0.052559 11.812947 0.245610
-0.136545 11.801646 0.237026
-0.125852 11.783872 0.240344
-0.115241 11.771352 0.242681
-0.104684 11.762211 0.244387
-0.094167 11.756180 0.245513
-0.083672 11.751661 0.246357
-0.073191 11.748149 0.247012
-0.062722 11.745641 0.247480
-0.052261 11.744137 0.247761
-0.041809 11.744053 0.247777
-0.031360 11.745390 0.247527
-0.020910 11.747229 0.247184
-0.010458 11.750741 0.246528
0.000000 11.755427 0.245654
0.010468 11.761457 0.244528
0.020950 11.769926 0.242947
0.031455 11.780929 0.240893
0.041998 11.797092 0.237876
0.052684 11.839139 0.230027
-0.136716 11.814499 0.223928
-0.125959 11.792048 0.228140
-0.115322 11.777660 0.230838
-0.104751 11.767836 0.232681
-0.094219 11.760793 0.234002
-0.083715 11.755767 0.234945
-0.073228 11.752168 0.235620
-0.062753 11.749575 0.236107
-0.052287 11.747986 0.236405
-0.041828 11.747568 0.236483
-0.031375 11.749156 0.236185
-0.020922 11.751749 0.235699
-0.010464 11.755432 0.235008
0.000000 11.760374 0.234081
0.010474 11.767081 0.232823
0.020964 11.775559 0.231232
0.031480 11.788342 0.228835
0.042056 11.811709 0.224452
-0.126114 11.804627 0.215087
-0.115429 11.786669 0.218472
-0.104826 11.774392 0.220786
-0.094283 11.766836 0.222210
-0.083769 11.761469 0.223222
-0.073272 11.757364 0.223995
-0.062791 11.754768 0.224485
-0.052318 11.753010 0.224816
-0.041855 11.753261 0.224769
-0.031396 11.754851 0.224469
-0.020936 11.757782 0.223917
-0.010472 11.762056 0.223111
0.000000 11.767424 0.222099
0.010483 11.774728 0.220723
0.020983 11.784313 0.218916
0.031524 11.802854 0.215422
-0.115589 11.801095 0.205060
-0.104953 11.786680 0.207790
-0.094377 11.776669 0.209686
-0.083841 11.769613 0.211022
-0.073335 11.765501 0.211801
-0.062837 11.761560 0.212547
-0.052359 11.760218 0.212801
-0.041889 11.760805 0.212690
-0.031422 11.762650 0.212341
-0.020954 11.766005 0.211706
-0.010481 11.770705 0.210815
0.000000 11.776922 0.209638
0.010494 11.785249 0.208061
0.021014 11.799998 0.205268
-0.105163 11.808372 0.192979
-0.094525 11.793178 0.195870
-0.083955 11.783744 0.197665
-0.073419 11.777099 0.198930
-0.062908 11.772897 0.199729
-0.052413 11.770545 0.200177
-0.041932 11.770965 0.200097
-0.031455 11.773149 0.199681
-0.020976 11.776846 0.198978
-0.010493 11.782398 0.197921
0.000000 11.790228 0.196431
0.010511 11.802796 0.194040
-0.084140 11.807794 0.182382
-0.073557 11.797238 0.184401
-0.063013 11.790661 0.185658
-0.052496 11.787291 0.186303
-0.041992 11.785775 0.186592
-0.031499 11.787880 0.186190
-0.021009 11.793443 0.185126
-0.010514 11.803485 0.183206
-0.052681 11.826945 0.167994
