-0.042298 11.908738 0.367637
-0.031683 11.893587 0.370273
-0.021111 11.887264 0.371374
-0.010554 11.885642 0.371656
0.000000 11.888289 0.371195
0.010562 11.894870 0.370050
-0.063373 11.892846 0.359682
-0.052745 11.877903 0.362296
-0.042163 11.868786 0.363891
-0.031610 11.863934 0.364740
-0.021070 11.862318 0.365022
-0.010535 11.862403 0.365007
0.000000 11.864019 0.364725
0.010540 11.867508 0.364114
0.021089 11.873130 0.363131
0.031657 11.881657 0.361639
0.042275 11.900289 0.358380
-0.073860 11.878867 0.351416
-0.063244 11.866681 0.353559
-0.052665 11.858004 0.355085
-0.042110 11.851717 0.356190
-0.031572 11.847982 0.356847
-0.021044 11.845776 0.357235
-0.010522 11.845945 0.357205
0.000000 11.847388 0.356951
0.010526 11.850273 0.356444
0.021060 11.854435 0.355712
0.031606 11.860725 0.354606
0.042173 11.869491 0.353065
0.052794 11.886977 0.349991
-0.084393 11.874202 0.341526
-0.073760 11.860833 0.343889
-0.063172 11.851144 0.345601
-0.052611 11.844014 0.346861
-0.042070 11.838588 0.347820
-0.031542 11.834607 0.348524
-0.021025 11.832829 0.348838
-0.010512 11.832913 0.348823
0.000000 11.834099 0.348614
0.010516 11.836470 0.348195
0.021038 11.840283 0.347521
0.031571 11.845541 0.346591
0.042119 11.852587 0.345346
0.052698 11.863640 0.343393
0.063342 11.883161 0.339943
-0.094956 11.874057 0.330838
-0.084293 11.858219 0.333652
-0.073690 11.847599 0.335538
-0.063119 11.839286 0.337015
-0.052570 11.832762 0.338173
-0.042039 11.827938 0.339030
-0.031519 11.824301 0.339676
-0.021010 11.822695 0.339962
-0.010505 11.822441 0.340007
0.000000 11.823202 0.339872
0.010507 11.825316 0.339496
0.021021 11.828699 0.338895
0.031544 11.833440 0.338053
0.042082 11.840049 0.336879
0.052641 11.848872 0.335312
0.063242 11.862472 0.332896
0.073926 11.885494 0.328807
-0.105608 11.883556 0.318425
-0.094853 11.859262 0.322763
-0.084223 11.846431 0.325053
-0.073635 11.836847 0.326764
-0.063076 11.829394 0.328095
-0.052537 11.823388 0.329167
-0.042014 11.818992 0.329952
-0.031503 11.816289 0.330434
-0.021000 11.814938 0.330676
-0.010500 11.814601 0.330736
0.000000 11.815276 0.330615
0.010502 11.816881 0.330329
0.021008 11.819584 0.329846
0.031526 11.824741 0.328926
0.042057 11.831256 0.327762
0.052608 11.839305 0.326325
0.063186 11.849912 0.324432
0.073814 11.865645 0.321623
0.084601 11.899636 0.315555
-0.105475 11.866606 0.310737
-0.094781 11.848319 0.314019
-0.084170 11.837120 0.316028
-0.073594 11.828311 0.317609
-0.063043 11.821290 0.318869
-0.052511 11.815714 0.319869
-0.041995 11.811661 0.320596
-0.031491 11.809636 0.320960
-0.020992 11.808455 0.321172
-0.010495 11.808117 0.321232
0.000000 11.808792 0.321111
0.010497 11.810226 0.320854
0.020999 11.812843 0.320384
0.031512 11.817741 0.319505
0.042038 11.823827 0.318413
0.052581 11.831444 0.317047
0.063149 11.841105 0.315313
0.073752 11.853757 0.313043
0.084446 11.875899 0.309070
-0.116220 11.884891 0.296723
-0.105407 11.857095 0.301735
-0.094735 11.840616 0.304707
-0.084130 11.829514 0.306709
-0.073561 11.821053 0.308235
-0.063021 11.815138 0.309302
-0.052492 11.809481 0.310322
-0.041982 11.806107 0.310930
-0.031481 11.804083 0.311295
-0.020985 11.802903 0.311508
-0.010492 11.802735 0.311538
0.000000 11.803325 0.311432
0.010494 11.804758 0.311174
0.020993 11.807204 0.310732
0.031502 11.811929 0.309880
0.042023 11.817757 0.308829
0.052562 11.825113 0.307503
0.063123 11.834257 0.305854
0.073716 11.846047 0.303728
0.084371 11.863393 0.300599
-0.116135 11.874243 0.287915
-0.105364 11.850230 0.292267
-0.094704 11.834784 0.295067
-0.084107 11.824368 0.296954
-0.073545 11.816589 0.298364
-0.063006 11.810424 0.299482
-0.052483 11.805446 0.300384
-0.041975 11.802242 0.300964
-0.031474 11.799461 0.301468
-0.020981 11.798366 0.301667
-0.010490 11.798198 0.301697
0.000000 11.798787 0.301591
0.010492 11.800135 0.301346
0.020988 11.802579 0.300903
0.031494 11.807218 0.300063
0.042012 11.812788 0.299053
0.052548 11.820139 0.297721
0.063104 11.828854 0.296141
0.073691 11.840041 0.294114
0.084332 11.856012 0.291219
0.095195 11.896126 0.283949
-0.116090 11.867701 0.278375
-0.105339 11.845494 0.282420
-0.094686 11.830650 0.285124
-0.084097 11.821001 0.286881
-0.073538 11.813479 0.288252
-0.063000 11.807316 0.289374
-0.052477 11.802340 0.290280
-0.041968 11.798547 0.290971
-0.031469 11.795936 0.291447
-0.020978 11.794841 0.291646
-0.010489 11.794504 0.291708
0.000000 11.795009 0.291616
0.010490 11.796441 0.291355
0.020986 11.799474 0.290802
0.031489 11.803436 0.290081
0.042006 11.809088 0.289051
0.052539 11.816098 0.287774
0.063092 11.824723 0.286203
0.073675 11.835481 0.284244
0.084310 11.850931 0.281430
0.095112 11.883919 0.275421
-0.116073 11.864060 0.268313
-0.105328 11.842372 0.272283
-0.094682 11.828212 0.274875
-0.084095 11.818818 0.276594
-0.073536 11.811213 0.277986
-0.062999 11.805220 0.279083
-0.052477 11.800329 0.279979
-0.041968 11.796453 0.280688
-0.031468 11.793590 0.281212
-0.020976 11.792243 0.281459
-0.010488 11.791990 0.281505
0.000000 11.792916 0.281336
0.010490 11.794600 0.281027
0.020985 11.797211 0.280549
0.031489 11.801425 0.279778
0.042003 11.806233 0.278898
0.052534 11.813071 0.277646
0.063087 11.821694 0.276068
0.073667 11.832363 0.274115
0.084301 11.847723 0.271303
0.095093 11.879502 0.265486
-0.116079 11.862720 0.257830
-0.105333 11.840949 0.261835
-0.094689 11.827128 0.264377
-0.084101 11.817735 0.266105
-0.073542 11.810214 0.267489
-0.063002 11.803969 0.268638
-0.052480 11.799078 0.269537
-0.041970 11.795118 0.270266
-0.031470 11.792254 0.270793
-0.020978 11.790908 0.271040
-0.010489 11.791076 0.271009
0.000000 11.791918 0.270854
0.010491 11.793602 0.270545
0.020987 11.796297 0.270049
0.031490 11.799921 0.269382
0.042004 11.804812 0.268482
0.052534 11.811228 0.267302
0.063091 11.820526 0.265592
0.073673 11.831279 0.263614
0.084307 11.846639 0.260788
0.095106 11.879186 0.254801
-0.116129 11.865897 0.246512
-0.105360 11.842072 0.250916
-0.094706 11.827315 0.253644
-0.084114 11.817666 0.255427
-0.073551 11.809891 0.256865
-0.063011 11.803729 0.258004
-0.052487 11.798669 0.258939
-0.041976 11.794793 0.259656
-0.031474 11.791845 0.260201
-0.020981 11.790835 0.260387
-0.010490 11.790919 0.260372
0.000000 11.791761 0.260216
0.010493 11.793613 0.259874
0.020991 11.796309 0.259375
0.031495 11.799849 0.258721
0.042010 11.804573 0.257848
0.052543 11.811243 0.256615
0.063101 11.820542 0.254896
0.073692 11.832484 0.252688
0.084333 11.848444 0.249738
0.095173 11.885624 0.242865
-0.116248 11.876077 0.233883
-0.105418 11.846680 0.239344
-0.094742 11.829874 0.242465
-0.084136 11.818866 0.244510
-0.073569 11.810835 0.246002
-0.063025 11.804417 0.247194
-0.052498 11.799356 0.248134
-0.041984 11.795310 0.248886
-0.031481 11.792699 0.249371
-0.020986 11.791688 0.249559
-0.010493 11.791772 0.249543
0.000000 11.792783 0.249356
0.010495 11.794552 0.249027
0.020996 11.797248 0.248526
0.031503 11.800874 0.247853
0.042022 11.805852 0.246928
0.052559 11.812863 0.245625
0.063123 11.822759 0.243787
0.073722 11.835301 0.241457
0.084377 11.852718 0.238222
-0.105506 11.854612 0.227139
-0.094798 11.834980 0.230804
-0.084171 11.821760 0.233271
-0.073595 11.812962 0.234914
-0.063045 11.806288 0.236159
-0.052514 11.800887 0.237168
-0.041997 11.796839 0.237923
-0.031491 11.794311 0.238395
-0.020992 11.793553 0.238537
-0.010496 11.793468 0.238552
0.000000 11.794395 0.238379
0.010499 11.796334 0.238018
0.021002 11.799116 0.237498
0.031514 11.803081 0.236758
0.042037 11.808230 0.235797
0.052582 11.816091 0.234330
0.063154 11.826587 0.232370
0.073764 11.840158 0.229837
0.084450 11.861000 0.225947
-0.105647 11.868528 0.213794
-0.094880 11.843321 0.218522
-0.084228 11.827791 0.221435
-0.073636 11.817629 0.223341
-0.063075 11.809850 0.224801
-0.052539 11.804613 0.225783
-0.042017 11.800478 0.226558
-0.031505 11.797610 0.227096
-0.021001 11.796261 0.227349
-0.010500 11.796346 0.227334
0.000000 11.797273 0.227160
0.010503 11.799213 0.226796
0.021011 11.802166 0.226242
0.031528 11.806218 0.225482
0.042057 11.811963 0.224404
0.052611 11.820760 0.222754
0.063194 11.832199 0.220608
0.073823 11.847656 0.217709
-0.094999 11.856188 0.205369
-0.084304 11.836630 0.209055
-0.073687 11.823910 0.211453
-0.063119 11.816121 0.212921
-0.052573 11.810287 0.214021
-0.042042 11.805809 0.214865
-0.031524 11.802770 0.215437
-0.021012 11.800829 0.215803
-0.010506 11.800322 0.215899
0.000000 11.801335 0.215708
0.010508 11.803445 0.215310
0.021022 11.806485 0.214737
0.031546 11.811217 0.213845
0.042086 11.818068 0.212554
0.052649 11.827469 0.210782
0.063249 11.840537 0.208319
0.073945 11.865309 0.203650
-0.084418 11.850676 0.195670
-0.073763 11.834187 0.198793
-0.063173 11.824435 0.200640
-0.052615 11.817914 0.201875
-0.042075 11.813007 0.202804
-0.031547 11.809541 0.203461
-0.021027 11.807428 0.203861
-0.010513 11.806499 0.204037
0.000000 11.807344 0.203877
0.010516 11.810132 0.203348
0.021040 11.814360 0.202548
0.031575 11.820115 0.201458
0.042128 11.827825 0.199998
0.052707 11.838433 0.197989
0.063348 11.857148 0.194444
-0.073888 11.852230 0.184633
-0.063247 11.836244 0.187675
-0.052670 11.828352 0.189177
-0.042116 11.822757 0.190241
-0.031577 11.818776 0.190999
-0.021047 11.816322 0.191466
-0.010523 11.815475 0.191627
0.000000 11.817337 0.191273
0.010527 11.820470 0.190677
0.021063 11.825215 0.189774
0.031613 11.832254 0.188434
0.042186 11.842191 0.186543
0.052807 11.858960 0.183352
-0.063413 11.865466 0.171356
-0.052762 11.846888 0.174908
-0.042175 11.837197 0.176761
-0.031615 11.831338 0.177881
-0.021073 11.829132 0.178303
-0.010536 11.828878 0.178351
0.000000 11.831084 0.177930
0.010542 11.835158 0.177150
0.021096 11.841786 0.175883
0.031670 11.851910 0.173948
0.042307 11.874178 0.169690
-0.031701 11.861479 0.161360
-0.021119 11.853124 0.162965
-0.010558 11.851676 0.163243
0.000000 11.853635 0.162866
0.010567 11.861052 0.161442
