-0.021056 11.860039 0.397482
-0.010527 11.859019 0.397658
0.000000 11.869819 0.395798
-0.052553 11.838596 0.390511
-0.042007 11.828612 0.392239
-0.031489 11.822696 0.393263
-0.020990 11.821261 0.393512
-0.010496 11.821852 0.393409
0.000000 11.824555 0.392941
0.010503 11.829542 0.392078
0.021020 11.837834 0.390643
0.031570 11.852841 0.388045
-0.073588 11.838954 0.379781
-0.062997 11.824149 0.382357
-0.052455 11.814609 0.384017
-0.041940 11.807864 0.385191
-0.031442 11.802979 0.386041
-0.020958 11.801211 0.386349
-0.010479 11.801632 0.386275
0.000000 11.803568 0.385938
0.010484 11.807022 0.385338
0.020978 11.812416 0.384399
0.031489 11.820602 0.382974
0.042027 11.832351 0.380930
-0.084058 11.831015 0.370498
-0.073459 11.816143 0.373099
-0.062909 11.805687 0.374928
-0.052390 11.797942 0.376283
-0.041893 11.792644 0.377210
-0.031410 11.789198 0.377812
-0.020938 11.787938 0.378033
-0.010469 11.787770 0.378062
0.000000 11.788862 0.377871
0.010472 11.791719 0.377371
0.020952 11.795587 0.376695
0.031444 11.801982 0.375576
0.041958 11.811082 0.373985
0.052505 11.823997 0.371725
-0.094561 11.828495 0.360273
-0.083935 11.811687 0.363228
-0.073372 11.800311 0.365228
-0.062845 11.791815 0.366722
-0.052341 11.785178 0.367889
-0.041857 11.780729 0.368671
-0.031387 11.778632 0.369040
-0.020923 11.777374 0.369261
-0.010461 11.777206 0.369291
0.000000 11.778213 0.369114
0.010464 11.780226 0.368760
0.020934 11.783834 0.368125
0.031418 11.789966 0.367047
0.041918 11.797786 0.365672
0.052443 11.808145 0.363851
0.063012 11.823169 0.361210
-0.105123 11.832829 0.348838
-0.094437 11.811111 0.352676
-0.083850 11.797883 0.355014
-0.073309 11.788212 0.356723
-0.062795 11.780571 0.358073
-0.052307 11.775622 0.358948
-0.041832 11.771599 0.359659
-0.031368 11.769588 0.360014
-0.020910 11.768500 0.360207
-0.010455 11.768500 0.360207
0.000000 11.769253 0.360073
0.010457 11.771096 0.359748
0.020921 11.774532 0.359141
0.031396 11.780067 0.358162
0.041887 11.787204 0.356901
0.052400 11.796452 0.355267
0.062943 11.808328 0.353168
0.073544 11.825975 0.350049
-0.105001 11.817118 0.340952
-0.094355 11.798905 0.344187
-0.083795 11.788223 0.346085
-0.073264 11.779154 0.347696
-0.062764 11.772697 0.348843
-0.052281 11.767670 0.349736
-0.041811 11.763986 0.350390
-0.031353 11.761978 0.350747
-0.020900 11.760974 0.350925
-0.010450 11.760807 0.350955
0.000000 11.761643 0.350806
0.010452 11.763400 0.350494
0.020910 11.766581 0.349929
0.031380 11.771858 0.348992
0.041863 11.778567 0.347800
0.052366 11.786794 0.346339
0.062897 11.797643 0.344412
0.073468 11.811969 0.341867
0.084174 11.841575 0.336608
-0.115671 11.832611 0.327521
-0.104923 11.806501 0.332182
-0.094303 11.790419 0.335053
-0.083754 11.780506 0.336823
-0.073237 11.772789 0.338201
-0.062742 11.766756 0.339278
-0.052264 11.761901 0.340144
-0.041797 11.758053 0.340831
-0.031341 11.755628 0.341264
-0.020892 11.754625 0.341443
-0.010446 11.754542 0.341458
0.000000 11.755294 0.341324
0.010449 11.757551 0.340921
0.020902 11.760060 0.340473
0.031367 11.765081 0.339577
0.041844 11.771364 0.338455
0.052341 11.779331 0.337033
0.062862 11.789242 0.335263
0.073420 11.802203 0.332949
0.084061 11.823726 0.329107
-0.115574 11.820783 0.318960
-0.104870 11.798594 0.322941
-0.094270 11.784463 0.325477
-0.083730 11.775145 0.327149
-0.073217 11.767768 0.328472
-0.062726 11.761740 0.329554
-0.052251 11.757055 0.330395
-0.041787 11.753293 0.331070
-0.031333 11.750620 0.331549
-0.020887 11.749367 0.331774
-0.010444 11.749618 0.331729
0.000000 11.750703 0.331534
0.010446 11.752709 0.331174
0.020897 11.755467 0.330680
0.031357 11.759564 0.329944
0.041831 11.765591 0.328863
0.052322 11.773132 0.327510
0.062837 11.782615 0.325808
0.073385 11.794721 0.323636
0.084002 11.813434 0.320278
-0.115517 11.813027 0.309682
-0.104836 11.792797 0.313330
-0.094249 11.779854 0.315665
-0.083713 11.770961 0.317268
-0.073204 11.763755 0.318568
-0.062716 11.757981 0.319609
-0.052242 11.753215 0.320469
-0.041781 11.749539 0.321132
-0.031328 11.746783 0.321629
-0.020884 11.746032 0.321764
-0.010442 11.746282 0.321719
0.000000 11.747200 0.321553
0.010445 11.749288 0.321177
0.020895 11.752045 0.320680
0.031352 11.755890 0.319986
0.041821 11.760826 0.319096
0.052309 11.768195 0.317767
0.062819 11.777335 0.316119
0.073361 11.788928 0.314028
0.083968 11.806782 0.310809
-0.115488 11.808061 0.299910
-0.104816 11.788687 0.303421
-0.094239 11.776673 0.305599
-0.083704 11.767783 0.307210
-0.073197 11.760665 0.308500
-0.062709 11.754809 0.309561
-0.052237 11.750212 0.310394
-0.041777 11.746620 0.311045
-0.031327 11.744366 0.311454
-0.020883 11.743531 0.311605
-0.010442 11.743782 0.311560
0.000000 11.744783 0.311378
0.010444 11.746703 0.311030
0.020894 11.749460 0.310531
0.031350 11.753136 0.309864
0.041817 11.757987 0.308985
0.052302 11.764767 0.307756
0.062812 11.774072 0.306070
0.073353 11.785744 0.303955
0.083952 11.802579 0.300903
0.094770 11.843011 0.293575
-0.115492 11.806557 0.289512
-0.104820 11.787184 0.293041
-0.094237 11.774584 0.295336
-0.083703 11.765696 0.296955
-0.073196 11.758578 0.298251
-0.062708 11.752724 0.299318
-0.052237 11.748211 0.300140
-0.041777 11.744620 0.300794
-0.031326 11.742366 0.301204
-0.020883 11.741699 0.301326
-0.010442 11.742032 0.301265
0.000000 11.743201 0.301052
0.010445 11.745121 0.300702
0.020894 11.747793 0.300216
0.031351 11.751553 0.299531
0.041818 11.756236 0.298678
0.052304 11.763350 0.297382
0.062815 11.772654 0.295687
0.073358 11.784578 0.293516
0.083951 11.800485 0.290618
0.094759 11.839721 0.283472
-0.115519 11.807414 0.278682
-0.104845 11.788036 0.282229
-0.094252 11.774508 0.284705
-0.083710 11.764697 0.286501
-0.073201 11.757496 0.287819
-0.062713 11.751725 0.288875
-0.052240 11.747046 0.289732
-0.041779 11.743455 0.290389
-0.031329 11.741452 0.290756
-0.020885 11.740867 0.290863
-0.010443 11.741201 0.290802
0.000000 11.742119 0.290634
0.010445 11.744123 0.290267
0.020896 11.746879 0.289763
0.031354 11.750722 0.289059
0.041824 11.756074 0.288079
0.052312 11.763190 0.286777
0.062824 11.772578 0.285058
0.073370 11.784588 0.282860
0.083966 11.800751 0.279901
-0.115583 11.812073 0.267147
-0.104886 11.790739 0.271071
-0.094282 11.776280 0.273731
-0.083728 11.765375 0.275737
-0.073212 11.757335 0.277216
-0.062723 11.751646 0.278262
-0.052250 11.747384 0.279047
-0.041788 11.744043 0.279661
-0.031335 11.741705 0.280091
-0.020889 11.740954 0.280229
-0.010444 11.741121 0.280199
0.000000 11.742206 0.279999
0.010447 11.744043 0.279661
0.020899 11.746966 0.279123
0.031359 11.750727 0.278432
0.041831 11.756163 0.277432
0.052324 11.764034 0.275984
0.062841 11.773845 0.274179
0.073392 11.786196 0.271907
0.083999 11.803462 0.268731
-0.115691 11.821134 0.254786
-0.104948 11.795804 0.259469
-0.094325 11.779733 0.262440
-0.083761 11.768065 0.264596
-0.073238 11.759517 0.266177
-0.062744 11.753742 0.267244
-0.052266 11.749060 0.268110
-0.041801 11.745800 0.268712
-0.031345 11.743378 0.269160
-0.020894 11.741792 0.269453
-0.010447 11.741959 0.269422
0.000000 11.743044 0.269222
0.010450 11.745049 0.268851
0.020905 11.747973 0.268311
0.031367 11.751902 0.267584
0.041844 11.757927 0.266471
0.052342 11.766053 0.264968
0.062865 11.776289 0.263076
0.073426 11.789740 0.260590
0.084074 11.812003 0.256474
-0.105034 11.803489 0.247367
-0.094385 11.785376 0.250732
-0.083807 11.772519 0.253120
-0.073271 11.762875 0.254911
-0.062772 11.756928 0.256016
-0.052289 11.752242 0.256887
-0.041818 11.748646 0.257554
-0.031357 11.746055 0.258036
-0.020902 11.744468 0.258331
-0.010450 11.743883 0.258439
0.000000 11.745470 0.258144
0.010453 11.747225 0.257818
0.020913 11.750736 0.257166
0.031382 11.755421 0.256296
0.041864 11.761450 0.255176
0.052366 11.769582 0.253665
0.062898 11.780583 0.251622
0.073481 11.796574 0.248651
0.084267 11.837168 0.241111
-0.105177 11.817613 0.234045
-0.094468 11.793721 0.238505
-0.083866 11.778911 0.241270
-0.073317 11.768332 0.243245
-0.062806 11.761457 0.244528
-0.052316 11.756431 0.245466
-0.041839 11.752665 0.246169
-0.031372 11.749988 0.246669
-0.020912 11.748316 0.246981
-0.010456 11.747981 0.247043
0.000000 11.749403 0.246778
0.010459 11.751828 0.246325
0.020925 11.755594 0.245622
0.031401 11.760535 0.244700
0.041891 11.767073 0.243480
0.052401 11.775467 0.241913
0.062948 11.787995 0.239574
0.073584 11.811272 0.235229
-0.094589 11.806893 0.225355
-0.083947 11.788342 0.228835
-0.073375 11.775811 0.231185
-0.062850 11.767752 0.232697
-0.052350 11.762217 0.233735
-0.041866 11.758112 0.234505
-0.031392 11.755348 0.235024
-0.020925 11.753507 0.235369
-0.010463 11.753758 0.235322
0.000000 11.755265 0.235039
0.010466 11.758112 0.234505
0.020940 11.762217 0.233735
0.031425 11.767668 0.232713
0.041925 11.774887 0.231359
0.052449 11.784387 0.229577
0.063037 11.802841 0.226115
-0.084070 11.803698 0.215262
-0.073466 11.788437 0.218139
-0.062915 11.778089 0.220089
-0.052397 11.770865 0.221451
-0.041900 11.765830 0.222400
-0.031416 11.762308 0.223064
-0.020941 11.760883 0.223332
-0.010471 11.761302 0.223253
0.000000 11.763230 0.222890
0.010476 11.766501 0.222273
0.020959 11.771033 0.221419
0.031455 11.777249 0.220248
0.041971 11.785659 0.218662
0.052528 11.800238 0.215915
-0.073623 11.811654 0.203060
-0.063018 11.795443 0.206130
-0.052470 11.785333 0.208045
-0.041953 11.778687 0.209304
-0.031452 11.774148 0.210163
-0.020963 11.771461 0.210672
-0.010482 11.771713 0.210625
0.000000 11.773896 0.210211
0.010487 11.777510 0.209527
0.020984 11.782977 0.208491
0.031497 11.790723 0.207024
0.042045 11.804640 0.204389
-0.052594 11.811246 0.192432
-0.042035 11.799757 0.194618
-0.031507 11.792504 0.195998
-0.020998 11.788880 0.196688
-0.010498 11.787280 0.196992
0.000000 11.788965 0.196672
0.010504 11.794527 0.195613
0.021027 11.805414 0.193541
